'1',100,80700,4,'',0,10500,4,'',0,3000,4,'',0,7500,4,'',0,3000,4,'',0,7500,4,'',0,3000,4,'',0,7500,4,'',0,3000,4,'',0,7500,4,'',0,7000,4,'',0,3500,4,'',0,7000,4,'',0,3500,4,'',0,7000,4,'',0,3500,4,'',0,7000,4,'',0,3500,4,'',0,10500,4,'',0,14300,4,'',0,10000,4,'',0,10000,4,'',0,10000,4,'',0,10000,4,'',0
'1',101,80700,0,'Vlg',0,10500,0,'Vlg',0,3000,0,'Vlg',0,7500,0,'Vlg',0,3000,0,'Vlg',0,7500,0,'Vlg',0,3000,0,'Vlg',0,7500,0,'Vlg',0,3000,0,'Vlg',0,7500,0,'Vlg',0,7000,0,'Vlg',0,3500,0,'Vlg',0,7000,0,'Vlg',0,3500,0,'Vlg',0,7000,0,'Vlg',0,3500,0,'Vlg',0,7000,0,'Vlg',0,3500,0,'Vlg',0,10500,0,'Vlg',0,14300,,'',0,10000,,'',0,10000,,'',0,10000,,'',0,10000,0,'Vlg MAll',0
'2',100,91200,4,'',0,10500,4,'',0,10500,4,'',0,10500,4,'',0,10500,4,'',0,10500,4,'',0,10500,4,'',0,10500,4,'',0,10500,4,'',0,10500,4,'',0,14300,4,'',0
'2',101,91200,0,'Vlg',0,10500,0,'Vlg',0,10500,0,'Vlg',0,10500,0,'Vlg',0,10500,0,'Vlg',0,10500,0,'Vlg',0,10500,0,'Vlg',0,10500,0,'Vlg',0,10500,0,'Vlg',0,10500,0,'Vlg',0,14300,,'',0
'5',100,70200,4,'',0,3000,4,'',0,1300,4,'',0,6000,4,'',0,1000,4,'',0,1500,4,'',0,1500,4,'',0,5500,4,'',0,2000,4,'',0,1000,4,'',0,2000,4,'',0,5000,4,'',0,2500,4,'',0,2000,4,'',0,5500,4,'',0,1500,4,'',0,2500,4,'',0,6000,4,'',0,1500,4,'',0,2000,4,'',0,2000,4,'',0,6000,4,'',0,1500,4,'',0,2000,4,'',0,6000,4,'',0,2000,4,'',0,1000,4,'',0,1500,4,'',0,5000,4,'',0,2000,4,'',0,2000,4,'',0,1000,4,'',0,5500,4,'',0,1500,4,'',0,1500,4,'',0,6000,4,'',0,1000,4,'',0,1500,4,'',0,1500,4,'',0,1500,4,'',0,5200,4,'',0,1000,4,'',0,3000,4,'',0,6500,4,'',0,4000,4,'',0,10500,4,'',0,14300,4,'',0,10000,4,'',0,10000,4,'',0
'5',101,63000,,'',0,7200,0,'Vlg',0,3000,0,'Vlg',0,1300,,'',0,6000,,'',0,1000,,'',0,1500,,'',0,1500,,'',0,5500,,'',0,2000,,'',0,1000,,'',0,2000,,'',0,5000,,'',0,2500,,'',0,2000,,'',0,5500,,'',0,1500,,'',0,2500,,'',0,6000,,'',0,1500,,'',0,2000,,'',0,2000,,'',0,6000,,'',0,1500,,'',0,2000,,'',0,6000,,'',0,2000,,'',0,1000,,'',0,1500,,'',0,5000,,'',0,2000,,'',0,2000,,'',0,1000,,'',0,5500,,'',0,1500,,'',0,1500,,'',0,6000,,'',0,1000,,'',0,1500,,'',0,1500,,'',0,1500,0,'Marine',0,5200,0,'Vlg',0,1000,0,'Vlg',0,3000,0,'Vlg',0,6500,0,'Vlg',0,4000,0,'Vlg',0,10500,0,'Vlg',0,14300,,'',0,10000,,'',0,10000,0,'Vlg',0
'5',1300,81000,4,'',0,3000,4,'',0,7500,4,'',0
'5',1301,81000,,'',0,3000,0,'MUN',0,7500,0,'MUN',0
'1',1400,83000,,'',0,10500,,'',0,10500,,'',0,10500,,'',0,10500,,'',0,10500,,'',0,14500,,'',0,10500,,'',0,10500,,'',0
'1',1401,80900,,'',0,10500,,'',0,10500,,'',0,10500,,'',0,10500,,'',0,10500,,'',0,10500,,'',0,10500,,'',0,10500,,'',0,10500,,'',0
'2',1400,93500,,'',0,10500,,'',0,10500,,'',0,10500,,'',0,10500,,'',0,14500,,'',0,10500,,'',0
'2',1401,101900,,'',0,10500,,'',0,10500,,'',0,10500,,'',0,10500,,'',0,10500,,'',0,10500,,'',0
'5',1400,72500,,'',0,10500,,'',0,10500,,'',0,10500,,'',0,10500,,'',0,11000,,'',0,15000,,'',0,11000,,'',0,11000,,'',0,11000,,'',0,10500,,'',0,10500,,'',0,10500,,'',0,10000,,'',0
'5',1401,70400,,'',0,10500,,'',0,10500,,'',0,10500,,'',0,10500,,'',0,10500,,'',0,11000,,'',0,11000,,'',0,11000,,'',0,15000,,'',0,11000,,'',0,10500,,'',0,10500,,'',0,10100,0,'MUN Ctr',0,10000,0,'MUN Ctr',0
