'1',300,74500,4,'',0,6500,4,'',0,3000,4,'',0,6500,4,'',0,3500,4,'',0,6500,4,'',0,3500,4,'',0,6500,4,'',0,3500,4,'',0,6500,4,'',0,3500,4,'',0,6500,4,'',0,3500,4,'',0,6500,4,'',0,3500,4,'',0,6500,4,'',0,3500,4,'',0,6500,4,'',0,3500,4,'',0,6500,4,'',0,3500,4,'',0,7000,4,'',0,3000,4,'',0,7000,4,'',0,3000,4,'',0,7000,4,'',0,10000,4,'',0,3000,4,'',0,10000,4,'',0,7000,4,'',0,9500,4,'',0
'1',301,74500,,'',0,6500,,'',0,3000,,'',0,6500,,'',0,3500,,'',0,6500,,'',0,3500,,'',0,6500,,'',0,3500,,'',0,6500,,'',0,3500,,'',0,6500,,'',0,3500,,'',0,6500,,'',0,3500,,'',0,6500,,'',0,3500,,'',0,6500,,'',0,3500,,'',0,6500,,'',0,3500,,'',0,7000,,'',0,3000,,'',0,7000,,'',0,3000,,'',0,7000,,'',0,10000,,'',0,3000,,'',0,10000,,'',0,7000,,'',0,9500,,'',0
'2',300,91500,4,'',0,4000,4,'',0,8500,4,'',0,8500,4,'',0,8500,4,'',0,4500,4,'',0,8500,4,'',0,8500,4,'',0,8500,4,'',0,4500,4,'',0,8500,4,'',0,8500,4,'',0,8500,4,'',0,4500,4,'',0,8500,4,'',0,8500,4,'',0
'2',301,83500,,'',0,8000,,'',0,4000,,'',0,8500,,'',0,8500,,'',0,8500,,'',0,4500,,'',0,8500,,'',0,8500,,'',0,8500,,'',0,4500,,'',0,8500,,'',0,8500,,'',0,8500,,'',0,4500,,'',0,8500,,'',0,8500,,'',0
'5',300,71000,4,'',0,3000,4,'',0,6500,4,'',0,2000,4,'',0,1500,4,'',0,1000,4,'',0,5500,4,'',0,3500,4,'',0,6500,4,'',0,3500,4,'',0,6500,4,'',0,3500,4,'',0,6500,4,'',0,3500,4,'',0,7000,4,'',0,3500,4,'',0,7000,4,'',0,3500,4,'',0,7000,4,'',0,3500,4,'',0,5500,4,'',0,1500,4,'',0,2000,4,'',0,5500,4,'',0,1500,4,'',0,1500,4,'',0,2000,4,'',0,5500,4,'',0,3500,4,'',0,7000,4,'',0,3000,4,'',0,7000,4,'',0,10000,4,'',0,3000,4,'',0,10000,4,'',0,7000,4,'',0,9500,4,'',0
'5',301,64500,,'',0,6500,,'',0,3000,,'',0,1000,,'',0,5500,,'',0,2000,,'',0,1500,,'',0,1000,,'',0,5500,,'',0,3500,,'',0,6500,,'',0,3500,,'',0,6500,,'',0,3500,,'',0,6500,,'',0,4000,,'',0,6500,,'',0,4000,,'',0,6500,,'',0,4000,,'',0,6500,,'',0,8000,,'',0,1500,,'',0,1000,,'',0,2000,,'',0,6000,,'',0,1000,,'',0,1500,,'',0,2000,,'',0,6000,,'',0,3000,,'',0,7000,,'',0,3000,,'',0,7000,,'',0,10000,,'',0,3000,,'',0,10000,,'',0,7000,,'',0,9500,,'',0
'1',2300,100000,4,'',0,10000,4,'',0,10000,4,'',0,10000,4,'',0,10000,4,'',0,10000,4,'',0,10000,4,'',0,10000,4,'',0,10000,4,'',0
'1',2301,100000,,'',0,10000,,'',0,10000,,'',0,10000,,'',0,10000,,'',0,10000,,'',0,10000,,'',0,10000,,'',0,10000,,'',0
'2',2300,100000,4,'',0,10000,4,'',0,10000,4,'',0,10000,4,'',0,10000,4,'',0,10000,4,'',0,10000,4,'',0,10000,4,'',0
'2',2301,100000,,'',0,10000,,'',0,10000,,'',0,10000,,'',0,10000,,'',0,10000,,'',0,10000,,'',0,10000,,'',0
'5',2300,190000,4,'',0,10000,4,'',0,10000,4,'',0,10000,4,'',0,10000,4,'',0
'5',2301,190000,,'',0,10000,,'',0,10000,,'',0,10000,,'',0,10000,,'',0
