100,1000,1,0
100,1010,2,0
100,1015,3,0
100,1020,4,0
100,1025,5,0
100,1030,6,0
100,1035,7,0
100,1040,8,0
100,1045,9,0
100,1050,10,0
100,1055,11,0
100,1060,12,0
100,1065,13,0
100,1070,14,0
100,1075,15,0
100,1080,16,0
100,1085,17,0
100,1095,18,0
100,1100,19,0
100,1105,20,0
100,1110,21,0
100,1115,22,0
100,1120,23,0
100,1125,24,0
100,1130,25,0
100,1135,26,0
100,1140,27,0
100,1145,28,0
100,1150,29,0
100,1155,30,0
100,1160,31,0
100,1165,32,0
100,1170,33,0
100,1175,34,0
100,1180,35,0
100,1185,36,0
100,1190,37,0
100,1195,38,1
101,1195,1,0
101,6096,2,0
101,1200,3,0
101,1202,4,0
101,1205,5,0
101,1210,6,0
101,1150,7,0
101,4980,8,0
101,1215,9,0
101,1220,10,0
101,1225,11,0
101,1230,12,0
101,1232,13,0
101,1235,14,0
101,2810,15,0
101,1245,16,0
101,1250,17,0
101,1255,18,0
101,1260,19,0
101,1265,20,0
101,1270,21,0
101,1275,22,0
101,1280,23,0
101,1285,24,0
101,1290,25,0
101,1295,26,0
101,1300,27,0
101,1305,28,0
101,1310,29,0
101,1315,30,0
101,1320,31,0
101,1000,32,1
200,1000,1,0
200,1010,2,0
200,1015,3,0
200,1020,4,0
200,1025,5,0
200,1030,6,0
200,1035,7,0
200,1040,8,0
200,1045,9,0
200,1050,10,0
200,1335,11,0
200,1340,12,0
200,1345,13,0
200,1350,14,0
200,1355,15,0
200,1360,16,0
200,6012,17,0
200,1365,18,0
200,5025,19,0
200,1380,20,0
200,1385,21,0
200,1390,22,0
200,1395,23,0
200,1400,24,0
200,1405,25,0
200,1410,26,0
200,1415,27,0
200,6066,28,0
200,1420,29,0
200,1425,30,0
200,1430,31,0
200,1330,32,0
200,1440,33,0
200,1445,34,0
200,1450,35,0
200,1455,36,0
200,1460,37,0
200,1465,38,0
200,1470,39,0
200,1475,40,0
200,1480,41,0
200,1485,42,0
200,1490,43,0
200,1495,44,0
200,1500,45,0
200,1505,46,0
200,1510,47,0
200,1515,48,0
200,1520,49,0
200,1525,50,0
200,1530,51,0
200,1535,52,0
200,1540,53,0
200,1542,54,0
200,1545,55,0
200,1550,56,0
200,1555,57,0
200,1560,58,0
200,1565,59,0
200,1570,60,0
200,1575,61,0
200,1580,62,0
200,1585,63,0
200,1590,64,0
200,1600,65,1
201,1600,1,0
201,1605,2,0
201,1610,3,0
201,1611,4,0
201,1615,5,0
201,1620,6,0
201,1625,7,0
201,1630,8,0
201,1635,9,0
201,1640,10,0
201,1645,11,0
201,1650,12,0
201,1655,13,0
201,1660,14,0
201,1665,15,0
201,1670,16,0
201,1675,17,0
201,1680,18,0
201,1685,19,0
201,1690,20,0
201,1695,21,0
201,1700,22,0
201,1705,23,0
201,1710,24,0
201,1715,25,0
201,1720,26,0
201,1725,27,0
201,1730,28,0
201,1735,29,0
201,1740,30,0
201,1750,31,0
201,1755,32,0
201,1760,33,0
201,1765,34,0
201,1770,35,0
201,1775,36,0
201,1780,37,0
201,1785,38,0
201,1790,39,0
201,1795,40,0
201,1800,41,0
201,6067,42,0
201,1805,43,0
201,1810,44,0
201,1815,45,0
201,1820,46,0
201,1825,47,0
201,1830,48,0
201,1835,49,0
201,1840,50,0
201,6065,51,0
201,1850,52,0
201,1855,53,0
201,1860,54,0
201,1865,55,0
201,1870,56,0
201,1875,57,0
201,1880,58,0
201,1885,59,0
201,1890,60,0
201,1290,61,0
201,1295,62,0
201,1300,63,0
201,1305,64,0
201,1025,65,0
201,1310,66,0
201,1315,67,0
201,1320,68,0
201,1325,69,0
201,1000,70,1
300,1000,1,0
300,4408,2,0
300,4410,3,0
300,4415,4,0
300,2295,5,0
300,2320,6,0
300,2325,7,0
300,2330,8,0
300,2335,9,0
300,2340,10,0
300,2345,11,0
300,2350,12,0
300,2355,13,0
300,2360,14,0
300,5030,15,0
300,1010,16,0
300,1015,17,0
300,1020,18,0
300,1025,19,0
300,1030,20,0
300,1895,21,0
300,1900,22,0
300,1905,23,0
300,1910,24,0
300,1915,25,0
300,1920,26,0
300,1925,27,0
300,1930,28,0
300,1935,29,0
300,1940,30,0
300,1945,31,0
300,1950,32,0
300,1955,33,0
300,1960,34,0
300,1965,35,0
300,1970,36,0
300,1975,37,0
300,1980,38,0
300,1985,39,0
300,1400,40,0
300,1405,41,0
300,1990,42,0
300,1995,43,0
300,2000,44,0
300,2005,45,0
300,1685,46,0
300,1690,47,0
300,1695,48,0
300,1700,49,0
300,2010,50,0
300,2015,51,0
300,2020,52,0
300,2025,53,0
300,6063,54,0
300,2027,55,0
300,2030,56,0
300,2035,57,0
300,5040,58,1
301,5040,1,0
301,2040,2,0
301,2045,3,0
301,2050,4,0
301,2055,5,0
301,2060,6,0
301,2065,7,0
301,2070,8,0
301,2075,9,0
301,2080,10,0
301,1505,11,0
301,1510,12,0
301,1515,13,0
301,1520,14,0
301,4955,15,0
301,4956,16,0
301,4957,17,0
301,6062,18,0
301,4959,19,0
301,2090,20,0
301,2095,21,0
301,2100,22,0
301,2105,23,0
301,2110,24,0
301,2115,25,0
301,2120,26,0
301,2125,27,0
301,2130,28,0
301,2135,29,0
301,1525,30,0
301,1530,31,0
301,1535,32,0
301,2140,33,0
301,2145,34,0
301,2150,35,0
301,2155,36,0
301,1815,37,0
301,1820,38,0
301,2160,39,0
301,2165,40,0
301,2170,41,0
301,2175,42,0
301,2180,43,0
301,2185,44,0
301,2190,45,0
301,2195,46,0
301,2200,47,0
301,2205,48,0
301,2210,49,0
301,2215,50,0
301,2220,51,0
301,2225,52,0
301,2230,53,0
301,2235,54,0
301,2240,55,0
301,2245,56,0
301,1305,57,0
301,1310,58,0
301,1315,59,0
301,1320,60,0
301,1325,61,0
301,5035,62,0
301,2410,63,0
301,2415,64,0
301,2420,65,0
301,2425,66,0
301,2430,67,0
301,2440,68,0
301,2445,69,0
301,2450,70,0
301,2455,71,0
301,2505,72,0
301,4730,73,0
301,2555,74,0
301,1000,75,1
500,1600,1,0
500,1605,2,0
500,1610,3,0
500,1611,4,0
500,1615,5,0
500,1620,6,0
500,1625,7,0
500,1630,8,0
500,1635,9,0
500,2790,10,0
500,1145,11,0
500,1150,12,0
500,2680,13,0
500,1640,14,0
500,1645,15,0
500,1650,16,0
500,1655,17,0
500,1660,18,0
500,1665,19,0
500,1670,20,0
500,1675,21,0
500,1680,22,0
500,1685,23,0
500,1690,24,0
500,1695,25,0
500,1700,26,0
500,1705,27,0
500,3625,28,0
500,3630,29,0
500,3635,30,0
500,3640,31,0
500,1427,32,0
500,1428,33,0
500,1430,34,0
500,1330,35,0
500,1440,36,0
500,1445,37,0
500,1450,38,0
500,1455,39,0
500,1460,40,0
500,1465,41,0
500,1470,42,0
500,1480,43,0
500,1485,44,0
500,1490,45,1
501,1490,1,0
501,1495,2,0
501,1500,3,0
501,1505,4,0
501,1510,5,0
501,1515,6,0
501,1520,7,0
501,1525,8,0
501,1530,9,0
501,1535,10,0
501,1540,11,0
501,1542,12,0
501,1545,13,0
501,1550,14,0
501,1555,15,0
501,1560,16,0
501,1565,17,0
501,1570,18,0
501,1575,19,0
501,1580,20,0
501,1585,21,0
501,1590,22,0
501,1600,23,1
600,1000,1,0
600,4408,2,0
600,2250,3,0
600,2255,4,0
600,2260,5,0
600,2265,6,0
600,2270,7,0
600,2275,8,0
600,2280,9,0
600,2285,10,0
600,2290,11,0
600,2295,12,0
600,2460,13,0
600,2300,14,0
600,2305,15,0
600,2310,16,0
600,2315,17,0
600,2500,18,0
600,2320,19,0
600,2325,20,0
600,2330,21,0
600,2335,22,0
600,2340,23,0
600,2345,24,0
600,2350,25,0
600,2355,26,0
600,2360,27,0
600,2365,28,0
600,2370,29,0
600,2375,30,0
600,2380,31,0
600,1925,32,0
600,1930,33,0
600,1935,34,0
600,1940,35,0
600,1945,36,0
600,1950,37,0
600,1955,38,0
600,1960,39,0
600,1965,40,0
600,1970,41,0
600,2190,42,1
601,2190,1,0
601,2195,2,0
601,2200,3,0
601,2205,4,0
601,2210,5,0
601,2215,6,0
601,2385,7,0
601,2390,8,0
601,2395,9,0
601,2405,10,0
601,2410,11,0
601,2415,12,0
601,2420,13,0
601,2425,14,0
601,2430,15,0
601,2435,16,0
601,2440,17,0
601,2445,18,0
601,2450,19,0
601,2455,20,0
601,2460,21,0
601,2465,22,0
601,2470,23,0
601,2475,24,0
601,2480,25,0
601,2485,26,0
601,2490,27,0
601,2495,28,0
601,2500,29,0
601,2505,30,0
601,2510,31,0
601,2515,32,0
601,2520,33,0
601,2525,34,0
601,2530,35,0
601,2535,36,0
601,2540,37,0
601,2545,38,0
601,2550,39,0
601,2555,40,0
601,1000,41,1
900,1150,1,0
900,3210,2,0
900,3215,3,0
900,3220,4,0
900,3225,5,0
900,3395,6,0
900,3400,7,0
900,3405,8,0
900,3410,9,0
900,3415,10,0
900,3420,11,0
900,6096,12,0
900,1200,13,0
900,1202,14,0
900,3230,15,0
900,3585,16,0
900,3595,17,0
900,5085,18,0
900,5090,19,0
900,5095,20,0
900,1685,21,0
900,6097,22,0
900,6098,23,0
900,6099,24,0
900,1700,25,0
900,1705,26,0
900,1710,27,0
900,1715,28,0
900,6079,29,0
900,6080,30,0
900,6081,31,0
900,6082,32,0
900,6083,33,1
901,6083,1,0
901,6100,2,0
901,6085,3,0
901,6087,4,0
901,1735,5,0
901,1740,6,0
901,1750,7,0
901,6199,8,0
901,6196,9,0
901,1495,10,0
901,1500,11,0
901,1505,12,0
901,1510,13,0
901,1515,14,0
901,1520,15,0
901,1525,16,0
901,3630,17,0
901,3635,18,0
901,3640,19,0
901,1535,20,0
901,1991,21,0
901,1992,22,0
901,5091,23,0
901,5092,24,0
901,6089,25,0
901,1165,26,0
901,1170,27,0
901,1175,28,0
901,3395,29,0
901,3400,30,0
901,3405,31,0
901,3410,32,0
901,3415,33,0
901,3420,34,0
901,6096,35,0
901,1200,36,0
901,1202,37,0
901,1205,38,0
901,1210,39,0
901,1150,40,1
1000,2610,1,0
1000,2615,2,0
1000,2620,3,0
1000,2622,4,0
1000,2625,5,0
1000,2630,6,0
1000,2640,7,0
1000,2645,8,0
1000,2646,9,0
1000,2647,10,0
1000,2648,11,0
1000,2650,12,0
1000,2655,13,0
1000,2660,14,0
1000,1600,15,0
1000,2675,16,0
1000,2670,17,0
1000,4960,18,0
1000,1145,19,0
1000,1150,20,0
1000,2680,21,0
1000,1575,22,0
1000,2685,23,0
1000,2690,24,0
1000,2695,25,0
1000,2700,26,0
1000,2705,27,0
1000,2710,28,0
1000,2715,29,0
1000,1850,30,0
1000,5025,31,0
1000,1380,32,0
1000,1385,33,0
1000,1390,34,0
1000,1395,35,0
1000,2160,36,0
1000,2165,37,0
1000,2170,38,0
1000,2175,39,0
1000,2180,40,0
1000,2185,41,0
1000,2190,42,1
1001,2190,1,0
1001,2725,2,0
1001,2730,3,0
1001,2735,4,0
1001,2740,5,0
1001,2745,6,0
1001,2750,7,0
1001,2755,8,0
1001,2760,9,0
1001,2765,10,0
1001,2770,11,0
1001,2775,12,0
1001,2780,13,0
1001,2785,14,0
1001,1630,15,0
1001,1635,16,0
1001,2790,17,0
1001,1145,18,0
1001,1150,19,0
1001,4982,20,0
1001,4985,21,0
1001,2795,22,0
1001,2665,23,0
1001,1600,24,0
1001,2560,25,0
1001,2565,26,0
1001,2570,27,0
1001,2575,28,0
1001,2580,29,0
1001,2610,30,1
1100,1600,1,0
1100,2660,2,0
1100,1620,3,0
1100,2805,4,0
1100,2810,5,0
1100,1245,6,0
1100,1250,7,0
1100,1255,8,0
1100,1260,9,0
1100,1265,10,0
1100,1270,11,0
1100,2820,12,0
1100,2825,13,0
1100,2830,14,0
1100,2835,15,0
1100,2840,16,0
1100,2845,17,0
1100,2850,18,0
1100,1360,19,0
1100,6012,20,0
1100,2190,21,0
1100,2195,22,0
1100,2200,23,0
1100,2205,24,0
1100,2210,25,0
1100,2855,26,0
1100,2860,27,0
1100,2865,28,0
1100,2870,29,0
1100,2875,30,0
1100,2880,31,0
1100,2885,32,0
1100,2890,33,0
1100,2895,34,0
1100,2900,35,1
1101,2900,1,0
1101,2905,2,0
1101,2910,3,0
1101,2915,4,0
1101,2920,5,0
1101,2925,6,0
1101,4780,7,0
1101,1930,8,0
1101,1935,9,0
1101,1940,10,0
1101,2190,11,0
1101,2725,12,0
1101,1860,13,0
1101,1865,14,0
1101,2930,15,0
1101,2935,16,0
1101,2940,17,0
1101,2945,18,0
1101,2950,19,0
1101,2955,20,0
1101,2960,21,0
1101,1070,22,0
1101,1075,23,0
1101,1080,24,0
1101,1085,25,0
1101,1095,26,0
1101,1100,27,0
1101,1105,28,0
1101,1110,29,0
1101,2965,30,0
1101,1590,31,0
1101,1600,32,1
1200,1000,1,0
1200,2970,2,0
1200,2975,3,0
1200,2980,4,0
1200,2985,5,0
1200,2990,6,0
1200,2995,7,0
1200,3000,8,0
1200,3005,9,0
1200,6198,10,0
1200,3010,11,0
1200,3015,12,0
1200,3020,13,0
1200,3025,14,0
1200,3030,15,0
1200,3035,16,0
1200,3040,17,0
1200,3045,18,0
1200,3050,19,0
1200,3055,20,0
1200,3060,21,0
1200,3065,22,0
1200,1260,23,0
1200,1265,24,0
1200,3070,25,0
1200,3075,26,0
1200,2780,27,0
1200,2785,28,0
1200,1585,29,0
1200,1590,30,0
1200,1600,31,1
1201,1600,1,0
1201,2660,2,0
1201,1620,3,0
1201,1625,4,0
1201,3080,5,0
1201,3085,6,0
1201,3090,7,0
1201,1080,8,0
1201,1085,9,0
1201,1090,10,0
1201,3100,11,0
1201,3105,12,0
1201,3110,13,0
1201,3115,14,0
1201,3120,15,0
1201,3125,16,0
1201,3130,17,0
1201,3135,18,0
1201,3140,19,0
1201,3145,20,0
1201,3150,21,0
1201,3155,22,0
1201,3160,23,0
1201,3165,24,0
1201,3170,25,0
1201,3175,26,0
1201,3180,27,0
1201,3185,28,0
1201,3190,29,0
1201,3195,30,0
1201,3200,31,0
1201,3205,32,0
1201,1325,33,0
1201,1000,34,1
1300,1000,1,0
1300,4015,2,0
1300,4295,3,0
1300,2675,4,0
1300,2670,5,0
1300,4960,6,0
1300,1145,7,0
1300,1150,8,0
1300,1160,9,0
1300,1165,10,0
1300,1170,11,0
1300,1175,12,0
1300,1180,13,0
1300,1185,14,0
1300,1190,15,0
1300,1195,16,1
1400,1150,1,0
1400,3210,2,0
1400,3215,3,0
1400,1185,4,0
1400,1190,5,0
1400,1195,6,0
1400,6096,7,0
1400,1200,8,0
1400,1202,9,0
1400,3220,10,0
1400,3225,11,0
1400,3230,12,0
1400,3235,13,0
1400,3240,14,0
1400,3245,15,0
1400,3250,16,0
1400,2015,17,0
1400,2020,18,0
1400,2025,19,0
1400,6063,20,0
1400,3255,21,0
1400,3260,22,0
1400,3265,23,0
1400,3270,24,0
1400,6164,25,0
1400,6165,26,0
1400,6166,27,0
1400,6167,28,0
1400,6168,29,0
1400,6169,30,0
1400,6170,31,0
1400,6162,32,1
1401,6162,1,0
1401,6163,2,0
1401,3295,3,0
1401,6171,4,0
1401,3310,5,0
1401,3315,6,0
1401,3320,7,0
1401,3325,8,0
1401,3330,9,0
1401,3350,10,0
1401,3355,11,0
1401,3260,12,0
1401,2095,13,0
1401,3370,14,0
1401,2125,15,0
1401,3375,16,0
1401,3380,17,0
1401,3385,18,0
1401,3390,19,0
1401,1175,20,0
1401,3395,21,0
1401,3400,22,0
1401,3405,23,0
1401,3410,24,0
1401,3415,25,0
1401,3420,26,0
1401,1190,27,0
1401,1195,28,0
1401,1200,29,0
1401,1202,30,0
1401,1205,31,0
1401,1210,32,0
1401,1150,33,1
1500,1600,1,0
1500,5020,2,0
1500,6158,3,0
1500,6159,4,0
1500,1375,5,0
1500,6160,6,0
1500,2675,7,0
1500,2670,8,0
1500,4960,9,0
1500,1150,10,0
1500,1240,11,0
1500,1560,12,0
1500,5050,13,0
1500,5045,14,0
1500,6186,15,0
1500,3445,16,0
1500,3455,17,0
1500,3465,18,0
1500,1380,19,0
1500,1385,20,0
1500,1390,21,0
1500,1395,22,0
1500,1400,23,0
1500,3475,24,0
1500,3476,25,0
1500,3485,26,0
1500,3495,27,0
1500,3505,28,0
1500,3515,29,0
1500,3525,30,0
1500,3540,31,1
1501,3540,1,0
1501,3545,2,0
1501,3550,3,0
1501,3555,4,0
1501,3560,5,0
1501,3565,6,0
1501,3430,7,0
1501,3425,8,0
1501,3435,9,0
1501,5070,10,0
1501,1820,11,0
1501,1825,12,0
1501,1830,13,0
1501,1835,14,0
1501,1840,15,0
1501,3440,16,0
1501,3450,17,0
1501,3460,18,0
1501,3470,19,0
1501,3480,20,0
1501,1650,21,0
1501,1655,22,0
1501,3490,23,0
1501,1150,24,0
1501,4982,25,0
1501,4985,26,0
1501,2795,27,0
1501,2665,28,0
1501,3500,29,0
1501,3510,30,0
1501,3520,31,0
1501,3530,32,0
1501,2660,33,0
1501,1600,34,1
1600,1150,1,0
1600,4982,2,0
1600,4985,3,0
1600,2795,4,0
1600,2665,5,0
1600,6201,6,0
1600,3577,7,0
1600,6194,8,0
1600,6195,9,0
1600,1600,10,0
1600,1605,11,0
1600,1610,12,0
1600,1614,13,0
1600,1613,14,0
1600,6060,15,0
1600,6057,16,0
1600,6052,17,0
1600,6053,18,0
1600,6054,19,0
1600,6055,20,0
1600,6004,21,1
1601,6004,1,0
1601,6010,2,0
1601,6013,3,0
1601,6174,4,0
1601,6014,5,0
1601,6015,6,0
1601,6173,7,0
1601,6175,8,0
1601,6006,9,0
1601,6007,10,0
1601,6008,11,0
1601,6009,12,0
1601,6011,13,0
1601,2626,14,0
1601,1611,15,0
1601,1600,16,0
1601,1605,17,0
1601,1610,18,0
1601,3570,19,0
1601,3575,20,0
1601,3580,21,0
1601,6200,22,0
1601,1145,23,0
1601,1150,24,1
1800,1000,1,0
1800,3645,2,0
1800,3650,3,0
1800,3655,4,0
1800,3660,5,0
1800,3665,6,0
1800,3670,7,0
1800,3675,8,0
1800,3680,9,0
1800,3690,10,0
1800,3695,11,0
1800,3700,12,0
1800,3705,13,0
1800,3710,14,0
1800,3715,15,0
1800,3720,16,0
1800,3725,17,0
1800,3730,18,0
1800,3735,19,0
1800,6202,20,0
1800,3740,21,0
1800,3745,22,0
1800,3750,23,0
1800,3755,24,0
1800,3760,25,0
1800,3765,26,0
1800,3770,27,0
1800,4975,28,0
1800,3775,29,0
1800,3780,30,0
1800,3785,31,0
1800,3790,32,0
1800,3792,33,0
1800,3795,34,0
1800,3800,35,0
1800,3805,36,0
1800,3810,37,0
1800,3815,38,0
1800,3820,39,0
1800,3825,40,0
1800,3830,41,0
1800,3835,42,0
1800,3840,43,0
1800,3850,44,0
1800,3855,45,0
1800,3860,46,1
1801,3860,1,0
1801,3865,2,0
1801,3870,3,0
1801,3875,4,0
1801,3880,5,0
1801,3895,6,0
1801,3900,7,0
1801,3905,8,0
1801,3920,9,0
1801,3925,10,0
1801,3930,11,0
1801,3935,12,0
1801,3945,13,0
1801,3955,14,0
1801,3965,15,0
1801,3975,16,0
1801,3980,17,0
1801,3985,18,0
1801,3990,19,0
1801,3995,20,0
1801,4000,21,0
1801,4005,22,0
1801,4010,23,0
1801,4020,24,0
1801,4025,25,0
1801,4030,26,0
1801,4040,27,0
1801,4050,28,0
1801,4060,29,0
1801,4070,30,0
1801,4080,31,0
1801,3940,32,0
1801,3950,33,0
1801,3960,34,0
1801,3970,35,0
1801,1000,36,1
1900,1000,1,0
1900,4015,2,0
1900,4295,3,0
1900,4035,4,0
1900,4045,5,0
1900,4055,6,0
1900,4056,7,0
1900,4075,8,0
1900,4085,9,0
1900,4090,10,0
1900,4095,11,0
1900,4100,12,0
1900,4105,13,0
1900,4110,14,0
1900,4115,15,0
1900,4120,16,0
1900,4125,17,0
1900,4130,18,0
1900,4135,19,0
1900,4140,20,0
1900,6189,21,0
1900,4145,22,0
1900,4150,23,0
1900,4155,24,0
1900,4160,25,0
1900,4775,26,0
1900,4165,27,0
1900,3050,28,0
1900,4170,29,0
1900,4175,30,0
1900,1100,31,0
1900,1105,32,0
1900,1110,33,0
1900,2965,34,0
1900,1590,35,0
1900,1600,36,1
1901,1600,1,0
1901,2660,2,0
1901,1620,3,0
1901,2805,4,0
1901,2810,5,0
1901,1245,6,0
1901,4180,7,0
1901,4185,8,0
1901,3115,9,0
1901,4195,10,0
1901,4200,11,0
1901,4205,12,0
1901,4210,13,0
1901,4215,14,0
1901,4220,15,0
1901,4225,16,0
1901,4226,17,0
1901,4230,18,0
1901,4235,19,0
1901,4240,20,0
1901,4245,21,0
1901,4250,22,0
1901,4255,23,0
1901,4260,24,0
1901,4265,25,0
1901,4270,26,0
1901,4275,27,0
1901,4280,28,0
1901,4285,29,0
1901,4290,30,0
1901,4300,31,0
1901,4305,32,0
1901,1000,33,1
2100,1000,1,0
2100,4408,2,0
2100,4410,3,0
2100,4415,4,0
2100,4420,5,0
2100,4425,6,0
2100,4430,7,0
2100,4435,8,0
2100,4440,9,0
2100,4445,10,0
2100,4450,11,0
2100,4455,12,0
2100,4460,13,0
2100,4465,14,0
2100,4470,15,0
2100,4475,16,0
2100,4480,17,0
2100,4485,18,0
2100,4490,19,0
2100,4495,20,0
2100,4500,21,0
2100,4505,22,0
2100,4510,23,0
2100,4515,24,0
2100,4520,25,0
2100,4525,26,0
2100,4530,27,0
2100,4531,28,0
2100,4541,29,0
2100,4535,30,0
2100,4540,31,0
2100,4545,32,0
2100,4550,33,0
2100,4555,34,0
2100,4516,35,0
2100,4560,36,0
2100,4565,37,0
2100,4570,38,0
2100,4575,39,0
2100,4580,40,0
2100,4585,41,0
2100,4586,42,0
2100,4590,43,0
2100,4595,44,0
2100,4600,45,0
2100,4605,46,0
2100,4320,47,1
2101,4320,1,0
2101,4325,2,0
2101,4330,3,0
2101,4335,4,0
2101,4610,5,0
2101,4615,6,0
2101,4620,7,0
2101,4625,8,0
2101,4630,9,0
2101,4640,10,0
2101,4645,11,0
2101,4650,12,0
2101,4655,13,0
2101,4660,14,0
2101,4910,15,0
2101,4665,16,0
2101,4915,17,0
2101,4920,18,0
2101,4925,19,0
2101,4930,20,0
2101,4935,21,0
2101,4940,22,0
2101,4945,23,0
2101,4950,24,0
2101,4670,25,0
2101,4675,26,0
2101,4680,27,0
2101,4685,28,0
2101,4690,29,0
2101,4695,30,0
2101,4700,31,0
2101,4705,32,0
2101,4710,33,0
2101,4440,34,0
2101,4715,35,0
2101,4720,36,0
2101,4725,37,0
2101,4730,38,0
2101,2555,39,0
2101,1000,40,1
2200,1000,1,0
2200,4408,2,0
2200,4410,3,0
2200,4415,4,0
2200,4420,5,0
2200,4425,6,0
2200,4430,7,0
2200,4435,8,0
2200,4440,9,0
2200,4735,10,0
2200,4740,11,0
2200,4745,12,0
2200,4750,13,0
2200,4755,14,0
2200,4760,15,0
2200,4765,16,0
2200,4751,17,0
2200,4746,18,0
2200,4811,19,0
2200,4769,20,0
2200,4772,21,0
2200,4785,22,0
2200,4790,23,0
2200,4800,24,0
2200,4805,25,0
2200,4771,26,0
2200,4770,27,0
2200,4810,28,0
2200,4747,29,0
2200,4752,30,0
2200,4766,31,0
2200,4761,32,0
2200,4756,33,0
2200,4820,34,0
2200,4825,35,0
2200,4830,36,0
2200,4835,37,0
2200,4840,38,0
2200,4845,39,0
2200,6172,40,0
2200,4850,41,0
2200,4855,42,0
2200,4860,43,0
2200,4865,44,0
2200,4866,45,0
2200,4870,46,1
2201,4870,1,0
2201,4871,2,0
2201,4872,3,0
2201,4879,4,0
2201,4880,5,0
2201,4881,6,0
2201,4885,7,0
2201,4890,8,0
2201,4645,9,0
2201,4895,10,0
2201,4900,11,0
2201,4905,12,0
2201,4910,13,0
2201,4665,14,0
2201,4915,15,0
2201,4920,16,0
2201,4925,17,0
2201,4930,18,0
2201,4935,19,0
2201,4940,20,0
2201,4942,21,0
2201,4945,22,0
2201,4950,23,0
2201,4440,24,0
2201,4715,25,0
2201,4720,26,0
2201,4725,27,0
2201,4730,28,0
2201,2555,29,0
2201,1000,30,1
2300,1600,1,0
2300,2660,2,0
2300,1150,3,0
2300,3210,4,0
2300,3215,5,0
2300,3220,6,0
2300,3225,7,0
2300,3395,8,0
2300,3400,9,0
2300,3405,10,0
2300,3410,11,0
2300,3415,12,0
2300,3420,13,0
2300,6096,14,0
2300,1200,15,0
2300,1202,16,0
2300,3230,17,0
2300,3235,18,0
2300,3240,19,0
2300,3245,20,0
2300,3250,21,0
2300,2015,22,0
2300,2020,23,0
2300,2025,24,0
2300,6063,25,0
2300,2027,26,0
2300,2030,27,0
2300,2035,28,0
2300,5040,29,1
2301,5040,1,0
2301,2040,2,0
2301,2045,3,0
2301,2050,4,0
2301,2055,5,0
2301,2060,6,0
2301,2065,7,0
2301,2070,8,0
2301,2072,9,0
2301,3375,10,0
2301,3380,11,0
2301,3385,12,0
2301,3390,13,0
2301,1175,14,0
2301,3395,15,0
2301,3400,16,0
2301,3405,17,0
2301,3410,18,0
2301,3415,19,0
2301,3420,20,0
2301,1200,21,0
2301,1202,22,0
2301,1205,23,0
2301,1210,24,0
2301,1150,25,0
2301,4982,26,0
2301,4985,27,0
2301,2795,28,0
2301,2665,29,0
2301,1600,30,1
2400,3295,1,0
2400,6171,2,0
2400,3310,3,0
2400,3315,4,0
2400,3320,5,0
2400,3325,6,0
2400,3330,7,0
2400,3335,8,0
2400,3340,9,0
2400,3345,10,0
2400,1150,11,1
2500,1000,1,0
2500,3645,2,0
2500,3650,3,0
2500,3655,4,0
2500,3660,5,0
2500,3665,6,0
2500,3670,7,0
2500,3675,8,0
2500,3680,9,0
2500,3685,10,0
2500,3690,11,0
2500,3695,12,0
2500,3700,13,0
2500,3705,14,0
2500,3710,15,0
2500,3715,16,0
2500,3720,17,0
2500,3725,18,0
2500,3730,19,0
2500,3735,20,0
2500,6202,21,0
2500,3740,22,0
2500,3745,23,0
2500,3750,24,0
2500,3755,25,0
2500,3760,26,0
2500,3765,27,0
2500,3770,28,0
2500,4975,29,0
2500,3925,30,0
2500,3775,31,0
2500,3780,32,0
2500,3785,33,0
2500,3790,34,0
2500,3792,35,0
2500,3795,36,0
2500,3800,37,0
2500,3805,38,0
2500,3810,39,0
2500,3815,40,0
2500,3820,41,1
2501,3820,1,0
2501,3896,2,0
2501,3897,3,0
2501,3898,4,0
2501,3899,5,0
2501,3901,6,0
2501,3911,7,0
2501,3915,8,0
2501,3920,9,0
2501,3925,10,0
2501,3930,11,0
2501,3935,12,0
2501,3945,13,0
2501,3955,14,0
2501,3965,15,0
2501,3975,16,0
2501,3980,17,0
2501,3985,18,0
2501,3990,19,0
2501,3995,20,0
2501,4000,21,0
2501,4005,22,0
2501,4010,23,0
2501,4020,24,0
2501,4025,25,0
2501,4030,26,0
2501,4040,27,0
2501,4050,28,0
2501,4060,29,0
2501,4070,30,0
2501,4080,31,0
2501,3940,32,0
2501,3950,33,0
2501,3960,34,0
2501,3970,35,0
2501,1000,36,1
2600,6052,1,0
2600,6053,2,0
2600,6054,3,0
2600,6055,4,0
2600,6004,5,0
2600,6010,6,0
2600,6013,7,0
2600,6174,8,0
2600,6014,9,0
2600,6015,10,0
2600,6006,11,0
2600,6007,12,0
2600,2645,13,0
2600,2646,14,0
2600,2647,15,0
2600,2648,16,0
2600,2650,17,0
2600,2655,18,0
2600,2660,19,0
2600,2675,20,0
2600,2670,21,0
2600,4960,22,0
2600,1145,23,0
2600,1150,24,1
3000,6069,1,0
3000,6122,2,0
3000,6123,3,0
3000,6124,4,0
3000,6125,5,0
3000,6126,6,0
3000,6127,7,0
3000,6101,8,0
3000,6102,9,0
3000,6103,10,0
3000,6104,11,0
3000,6105,12,0
3000,6106,13,0
3000,6107,14,0
3000,6090,15,0
3000,6108,16,0
3000,6109,17,0
3000,6110,18,0
3000,6111,19,0
3000,6112,20,0
3000,6113,21,0
3000,6114,22,0
3000,6091,23,0
3000,6115,24,0
3000,6116,25,0
3000,6117,26,0
3000,6118,27,0
3000,6119,28,0
3000,6120,29,0
3000,6121,30,0
3000,6145,31,0
3000,6015,32,0
3000,6173,33,0
3000,6175,34,0
3000,2620,35,0
3000,2626,36,0
3000,1611,37,0
3000,1600,38,1
3001,1600,1,0
3001,1605,2,0
3001,1610,3,0
3001,1614,4,0
3001,1613,5,0
3001,6156,6,0
3001,6157,7,0
3001,6144,8,0
3001,6093,9,0
3001,6128,10,0
3001,6129,11,0
3001,6130,12,0
3001,6131,13,0
3001,6132,14,0
3001,6094,15,0
3001,6133,16,0
3001,6134,17,0
3001,6135,18,0
3001,6136,19,0
3001,6137,20,0
3001,6138,21,0
3001,6139,22,0
3001,6095,23,0
3001,6140,24,0
3001,6141,25,0
3001,6142,26,0
3001,6143,27,0
3001,6147,28,0
3001,6148,29,0
3001,6149,30,0
3001,6150,31,0
3001,6151,32,0
3001,6152,33,0
3001,6153,34,0
3001,6154,35,0
3001,6155,36,0
3001,6069,37,1
