101,'1',838,,3716,32,,,0,105,,3717,32,,,0,70,,3726,32,,,0,35,,3718,32,,,0,70,,3727,32,,,0,35,,3719,32,,,0,70,,3728,32,,,0,35,,3720,32,,,0,70,,3729,32,,,0,75,,3721,32,,,0,30,,3730,32,,,0,75,,3722,32,,,0,30,,3731,32,,,0,75,,3723,32,,,0,30,,3732,32,,,0,75,,3724,32,,,0,30,,3733,32,,,0,75,,3725,32,,,0,105,,3734,32,,,0,100,,3735,32,,,0,100,,3736,32,,,0,100,,3737,32,,,0,100,,3738,32,,,0,90,,3739,32,,,0
101,'2',943,,3740,32,,,0,105,,3741,32,,,0,105,,3742,32,,,0,105,,3743,32,,,0,145,,3744,32,,,0,105,,3745,32,,,0,105,,3746,32,,,0,105,,3747,32,,,0,105,,3748,32,,,0,105,,3749,32,,,0,100,,3750,32,,,0
101,'5',658,,3751,32,,,0,75,,3762,32,,,0,70,,3752,32,,,0,35,,3773,26,,,0,10,,3763,32,,,0,70,,3753,32,,,0,35,,3774,32,,,0,50,,3764,32,,,0,30,,3754,32,,,0,85,,3765,32,,,0,30,,3755,32,,,0,85,,3766,32,,,0,75,,3756,32,,,0,40,,3767,32,,,0,75,,3757,32,,,0,80,,3768,32,,,0,35,,3758,32,,,0,80,,3769,32,,,0,15,,3780,32,,,0,20,,3759,32,,,0,80,,3770,32,,,0,15,,3781,32,,,0,60,,3760,32,,,0,30,,3771,32,,,0,80,,3761,32,,,0,25,,3772,32,,,0,80,,3775,32,,,0,102,,3776,32,,,0,103,,3777,32,,,0,100,,3778,32,,,0,95,,3779,32,,,0
201,'1',838,,3871,66,,,0,105,,3863,66,,,0,70,,3884,66,,,0,35,,3872,66,,,0,70,,3879,66,,,0,35,,3864,66,,,0,70,,3885,66,,,0,35,,3873,66,,,0,70,,3880,66,,,0,75,,3865,66,,,0,30,,3886,66,,,0,75,,3874,66,,,0,30,,3881,66,,,0,75,,3866,66,,,0,30,,3887,66,,,0,75,,3875,66,,,0,30,,3882,66,,,0,75,,3867,66,,,0,30,,3888,66,,,0,75,,3876,66,,,0,30,,3883,66,,,0,70,,3868,66,,,0,30,,3889,66,,,0,70,,3877,66,,,0,100,,3869,66,,,0,100,,3878,66,,,0,90,,3870,66,,,0
201,'2',943,,3890,66,,,0,105,,3896,66,,,0,70,,3901,66,,,0,35,,3891,66,,,0,70,,3905,66,,,0,35,,3897,66,,,0,70,,3902,66,,,0,75,,3892,66,,,0,30,,3906,66,,,0,75,,3898,66,,,0,30,,3903,66,,,0,75,,3893,66,,,0,30,,3907,66,,,0,75,,3899,66,,,0,30,,3904,66,,,0,75,,3894,66,,,0,105,,3900,66,,,0,100,,3895,66,,,0
201,'5',733,,3924,66,,,0,70,,3908,66,,,0,35,,3932,66,,,0,70,,3916,66,,,0,35,,3925,66,,,0,70,,3909,66,,,0,35,,3933,66,,,0,70,,3917,66,,,0,35,,3926,66,,,0,70,,3910,66,,,0,35,,3934,66,,,0,75,,3918,66,,,0,15,,3941,66,,,0,60,,3927,66,,,0,35,,3911,66,,,0,15,,3939,66,,,0,60,,3935,66,,,0,35,,3919,66,,,0,55,,3942,66,,,0,20,,3928,66,,,0,75,,3912,66,,,0,15,,3940,66,,,0,20,,3936,66,,,0,75,,3920,66,,,0,15,,3943,66,,,0,20,,3930,66,,,0,70,,3913,66,,,0,35,,3937,66,,,0,70,,3921,66,,,0,35,,3929,66,,,0,70,,3914,66,,,0,30,,3938,66,,,0,70,,3922,66,,,0,30,,3931,66,,,0,70,,3915,66,,,0,90,,3923,66,,,0
301,'1',908,,4025,48,,,0,35,,4015,48,,,0,70,,4035,48,,,0,35,,4026,48,,,0,70,,4016,48,,,0,35,,4036,48,,,0,70,,4027,48,,,0,35,,4017,48,,,0,70,,4037,48,,,0,75,,4028,48,,,0,30,,4018,48,,,0,75,,4038,48,,,0,30,,4029,48,,,0,75,,4019,48,,,0,30,,4039,48,,,0,75,,4030,48,,,0
301,'5',733,,4058,48,,,0,70,,4066,48,,,0,35,,4077,48,,,0,70,,4059,48,,,0,35,,4067,48,,,0,70,,4078,48,,,0,35,,4060,48,,,0,70,,4068,48,,,0,35,,4079,48,,,0,70,,4061,48,,,0,35,,4069,48,,,0,75,,4080,48,,,0,70,,4062,48,,,0,40,,4070,48,,,0,75,,4081,48,,,0,35,,4063,48,,,0,75,,4071,48,,,0,75,,4082,48,,,0,35,,4064,48,,,0,75,,4072,48,,,0
1201,'1',908,,4460,34,,,0,34,,4446,34,,,0,71,,4461,34,,,0,34,,4447,34,,,0,71,,4462,34,,,0,34,,4448,34,,,0,71,,4463,34,,,0,34,,4449,34,,,0,71,,4464,34,,,0,74,,4450,34,,,0,31,,4465,34,,,0,74,,4451,34,,,0,31,,4466,34,,,0,74,,4452,34,,,0,31,,4467,34,,,0,74,,4453,34,,,0,31,,4468,34,,,0,74,,4454,34,,,0,31,,4469,34,,,0,74,,4455,34,,,0,101,,4456,34,,,0,100,,4457,34,,,0,100,,4458,34,,,0,100,,4459,34,,,0
1201,'2',942,,4470,34,,,0,105,,4471,34,,,0,105,,4472,34,,,0,105,,4473,34,,,0,145,,4474,34,,,0,105,,4475,34,,,0,105,,4476,34,,,0,105,,4477,34,,,0,105,,4478,34,,,0,105,,4479,34,,,0,101,,4480,34,,,0
1201,'5',732,,4481,33,,,0,71,,4491,33,,,0,34,,4482,33,,,0,71,,4492,33,,,0,34,,4483,34,,,0,71,,4493,34,,,0,34,,4484,34,,,0,71,,4494,34,,,0,30,,4485,34,,,0,75,,4495,34,,,0,35,,4486,34,,,0,75,,4496,34,,,0,75,,4487,34,,,0,35,,4497,34,,,0,75,,4488,34,,,0,35,,4498,34,,,0,75,,4489,34,,,0,75,,4499,34,,,0,35,,4490,34,,,0,75,,4500,34,,,0,105,,4501,34,,,0,105,,4502,34,,,0,105,,4503,34,,,0,100,,4504,34,,,0,100,,4505,34,,,0
