300,'1',813,,3954,43,4,,0,35,,3944,43,4,,0,70,,3964,43,4,,0,35,,3955,43,4,,0,70,,3945,43,4,,0,35,,3965,43,4,,0,70,,3956,43,4,,0,75,,3946,43,4,,0,30,,3966,43,4,,0,75,,3957,43,4,,0,30,,3947,43,4,,0,75,,3967,43,4,,0,30,,3958,43,4,,0,75,,3948,43,4,,0,30,,3968,43,4,,0,75,,3959,43,4,,0,30,,3949,43,4,,0,75,,3969,43,4,,0,30,,3960,52,4,,0,75,,3950,52,4,,0,70,,3970,52,4,,0,30,,3961,52,4,,0,77,,3951,52,4,,0,100,,3962,52,4,,0,30,,3952,52,4,,0,100,,3963,52,4,,0,70,,3953,52,4,,0
300,'2',918,,3978,52,4,,0,35,,3971,52,4,,0,105,,3979,52,4,,0,70,,3972,52,4,,0,105,,3980,52,4,,0,75,,3973,52,4,,0,105,,3981,52,4,,0,30,,3974,52,4,,0,105,,3982,52,4,,0,75,,3975,52,4,,0,105,,3983,52,4,,0,30,,3976,52,4,,0,145,,3984,52,4,,0,30,,3977,52,4,,0,105,,3985,52,4,,0
300,'5',708,,3993,43,4,,0,35,,4004,43,4,,0,70,,3986,43,4,,0,35,,3994,43,4,,0,70,,4005,43,4,,0,35,,3987,43,4,,0,70,,3995,43,4,,0,35,,4006,43,4,,0,70,,3988,43,4,,0,75,,3996,43,4,,0,30,,4007,43,4,,0,80,,3989,43,4,,0,30,,3997,43,4,,0,80,,4008,43,4,,0,30,,3990,43,4,,0,80,,3998,43,4,,0,70,,4009,43,4,,0,40,,3991,43,4,,0,70,,3999,43,4,,0,40,,4010,43,4,,0,70,,3992,43,4,,0,35,,4000,52,4,,0,70,,4011,52,4,,0,105,,4001,52,4,,0,70,,4012,52,4,,0,107,,4002,52,4,,0,30,,4013,52,4,,0,100,,4003,52,4,,0,70,,4014,52,4,,0
301,'1',813,,4025,1,,,0,35,,4015,1,,,0,70,,4035,1,,,0,35,,4026,1,,,0,70,,4016,1,,,0,35,,4036,1,,,0,70,,4027,1,,,0,75,,4017,1,,,0,30,,4037,1,,,0,75,,4028,1,,,0,30,,4018,1,,,0,75,,4038,1,,,0,30,,4029,1,,,0,75,,4019,1,,,0,30,,4039,1,,,0,75,,4030,1,,,0,30,,4020,1,,,0,75,,4040,1,,,0,30,,4031,1,,,0,75,,4021,1,,,0,70,,4041,1,,,0,30,,4032,1,,,0,77,,4022,1,,,0,100,,4033,1,,,0,30,,4023,1,,,0,100,,4034,1,,,0,70,,4024,1,,,0
301,'2',820,,4042,1,,,0,98,,4050,1,,,0,35,,4043,1,,,0,105,,4051,1,,,0,70,,4044,1,,,0,105,,4052,1,,,0,75,,4045,1,,,0,105,,4053,1,,,0,30,,4046,1,,,0,105,,4054,1,,,0,75,,4047,1,,,0,105,,4055,1,,,0,30,,4048,1,,,0,145,,4056,1,,,0,30,,4049,1,,,0,107,,4057,1,0,25 7 26,0
301,'5',643,,4058,1,,,0,65,,4066,1,,,0,35,,4077,1,,,0,70,,4059,1,,,0,35,,4067,1,,,0,70,,4078,1,,,0,35,,4060,1,,,0,70,,4068,1,,,0,35,,4079,1,,,0,70,,4061,1,,,0,75,,4069,1,,,0,35,,4080,1,,,0,75,,4062,1,,,0,35,,4070,1,,,0,75,,4081,1,,,0,35,,4063,1,,,0,75,,4071,1,,,0,75,,4082,1,,,0,35,,4064,1,,,0,75,,4072,1,,,0,35,,4083,1,,,0,70,,4065,1,,,0,80,,4073,1,,,0,25,,4084,1,,,0,105,,4074,1,,,0,70,,4085,1,,,0,107,,4075,1,,,0,30,,4086,1,,,0,100,,4076,1,,,0,70,,4087,1,0,25 7 26,0
2300,'1',1017,,5130,31,4,,0,105,,5131,31,4,,0,105,,5132,31,4,,0,105,,5133,31,4,,0,105,,5134,31,4,,0,105,,5135,31,4,,0,105,,5136,31,4,,0,105,,5137,31,4,,0
2300,'2',1017,,5138,31,4,,0,105,,5139,31,4,,0,105,,5140,31,4,,0,105,,5141,31,4,,0,105,,5142,31,4,,0,105,,5143,31,4,,0,105,,5144,31,4,,0
2300,'5',732,,5145,20,4,,0,105,,5146,20,4,,0,105,,5147,20,4,,0,105,,5148,20,4,,0,105,,5149,20,4,,0,150,,5150,20,4,,0,110,,5151,20,4,,0,110,,5152,20,4,,0,110,,5153,20,4,,0,110,,5154,20,4,,0,105,,5155,31,4,,0,105,,5156,31,4,,0,105,,5157,31,4,,0,143,,5158,31,4,,0,100,,5159,31,4,,0
2301,'1',1017,,5160,1,,,0,105,,5161,1,,,0,105,,5162,1,,,0,105,,5163,1,,,0,105,,5164,1,,,0,105,,5165,1,,,0,105,,5166,1,,,0,105,,5167,1,,,0
2301,'2',1017,,5168,1,,,0,105,,5169,1,,,0,105,,5170,1,,,0,105,,5171,1,,,0,105,,5172,1,,,0,105,,5173,1,,,0,105,,5174,1,,,0
2301,'5',627,,5175,1,,,0,105,,5176,1,,,0,105,,5177,1,,,0,105,,5178,1,,,0,105,,5179,1,,,0,105,,5180,1,,,0,150,,5181,1,,,0,110,,5182,1,,,0,110,,5183,1,,,0,110,,5184,1,,,0,110,,5185,1,,,0,105,,5186,1,,,0,105,,5187,1,,,0,105,,5188,1,,,0,143,,5189,1,,,0,100,,5190,1,,,0
