1001,'1',652,,2600,19,,,0,150,,2574,19,,,0,30,,2593,19,,,0,105,,2575,19,,,0,70,,2594,19,,,0,20,,2605,19,,,0,85,,2576,19,,,0,35,,2595,19,,,0,55,,2604,19,,,0,15,,2585,19,,,0,35,,2577,19,,,0,70,,2596,19,,,0,15,,2601,19,,,0,20,,2586,19,,,0,70,,2578,19,,,0,75,,2597,19,,,0,15,,2602,19,,,0,15,,2587,19,,,0,75,,2579,19,,,0,30,,2598,19,,,0,20,,2603,19,,,0,55,,2588,19,,,0,30,,2580,19,,,0,75,,2599,19,,,0,30,,2589,19,,,0,75,,2581,19,,,0,30,,2606,19,,,0,70,,2590,19,,,0,30,,2582,19,,,0,70,,2607,19,,,0,30,,2591,19,,,0,70,,2583,19,,,0,30,,2608,19,,,0,75,,2592,19,,,0,25,,2584,19,,,0
1001,'5',652,,2642,19,,,0,75,,2653,19,,,0,30,,2631,19,,,0,75,,2643,19,,,0,15,,2663,19,,,0,55,,2654,19,,,0,15,,2664,19,,,0,20,,2632,19,,,0,70,,2644,19,,,0,15,,2671,19,,,0,20,,2655,19,,,0,70,,2633,19,,,0,35,,2645,19,,,0,55,,2672,19,,,0,17,,2656,19,,,0,35,,2634,19,,,0,75,,2646,19,,,0,15,,2673,19,,,0,63,,2657,19,,,0,32,,2635,19,,,0,75,,2647,19,,,0,20,,2665,19,,,0,18,,2658,19,,,0,55,,2667,19,,,0,17,,2636,19,,,0,20,,2660,19,,,0,15,,2648,19,,,0,60,,2666,19,,,0,18,,2659,19,,,0,10,,2668,19,,,0,60,,2637,19,,,0,20,,2661,19,,,0,15,,2649,19,,,0,60,,2670,19,,,0,30,,2669,19,,,0,15,,2638,19,,,0,55,,2662,19,,,0,15,,2650,19,,,0,105,,2639,19,,,0,30,,2651,19,,,0,100,,2640,19,,,0,70,,2652,19,,,0,100,,2641,19,,,0
1501,'1',933,,2958,24,,,0,105,,2959,24,,,0,105,,2960,24,,,0,105,,2961,24,,,0,105,,2962,24,,,0,105,,2963,24,,,0,145,,2964,24,,,0,105,,2965,24,,,0,105,,2966,24,,,0,105,,2967,24,,,0,100,,2968,24,,,0,100,,2969,24,,,0,100,,2970,24,,,0,100,,2971,24,,,0
1501,'2',933,,2972,24,,,0,105,,2973,24,,,0,105,,2974,24,,,0,105,,2975,24,,,0,105,,2976,24,,,0,105,,2977,24,,,0,145,,2978,24,,,0,105,,2979,24,,,0,105,,2980,24,,,0,105,,2981,24,,,0,100,,2982,24,,,0
1501,'5',648,,2983,24,,,0,75,,2995,24,,,0,30,,2984,24,,,0,75,,2996,24,,,0,30,,2985,24,,,0,75,,2997,24,,,0,70,,2986,24,,,0,35,,2998,24,,,0,70,,2987,24,,,0,35,,2999,24,,,0,70,,2988,24,,,0,35,,3000,24,,,0,75,,2989,24,,,0,35,,3001,24,,,0,75,,2990,24,,,0,75,,3002,24,,,0,35,,2991,24,,,0,75,,3003,24,,,0,35,,2992,24,,,0,75,,3004,24,,,0,75,,2993,24,,,0,35,,3005,24,,,0,70,,2994,24,,,0,105,,3006,24,,,0,105,,3007,24,,,0,100,,3008,24,,,0,100,,3009,24,,,0
1600,'1',856,,3010,3,,,0,145,,3011,3,,,0,105,,3012,3,,,0,105,,3013,3,,,0,105,,3014,3,,,0,105,,3015,3,,,0,105,,3016,3,,,0,105,,3017,3,,,0,105,,3018,3,,,0,105,,3019,3,,,0,105,,3020,3,,,0,100,,3021,3,,,0,100,,3022,3,,,0,100,,3023,3,,,0
1600,'2',1001,,3031,3,,,0,105,,3024,3,,,0,105,,3025,3,,,0,105,,3026,3,,,0,105,,3027,3,,,0,105,,3028,3,,,0,105,,3029,3,,,0,105,,3030,3,,,0
1600,'5',717,,3032,3,,,0,105,,3033,3,,,0,34,,3046,3,0,5 8,0,71,,3034,3,,,0,30,,3047,3,,,0,75,,3035,3,,,0,70,,3048,3,,,0,35,,3036,3,,,0,75,,3049,3,,,0,35,,3037,3,,,0,75,,3050,3,,,0,35,,3038,3,,,0,75,,3051,3,,,0,75,,3039,3,,,0,35,,3052,3,,,0,75,,3040,3,,,0,35,,3053,3,,,0,75,,3041,3,,,0,74,,3054,3,0,5 8,0,31,,3042,3,,,0,105,,3043,3,,,0,105,,3044,3,,,0,104,,3045,3,,,0
2301,'1',1041,,3515,28,,,0,105,,3516,28,,,0,105,,3517,28,,,0,105,,3518,28,,,0,145,,3519,28,,,0,105,,3520,28,,,0,105,,3521,28,,,0,105,,3522,28,,,0
2301,'2',1041,,3523,28,,,0,105,,3524,28,,,0,105,,3525,28,,,0,105,,3526,28,,,0,145,,3527,28,,,0,105,,3528,28,,,0,105,,3529,28,,,0
2301,'5',653,,3530,20,0,5,0,105,,3531,20,0,5,0,145,,3532,20,0,5,0,105,,3533,20,0,5,0,105,,3534,20,0,5,0,105,,3535,20,0,5,0,110,,3536,20,0,5,0,110,,3537,20,0,5,0,110,,3538,20,0,5,0,110,,3539,20,0,5,0,150,,3540,20,0,5,0,103,,3541,28,,,0,105,,3542,28,,,0,105,,3543,28,,,0,102,,3544,28,,,0,100,,3545,28,,,0
