900,'5',720,,4152,10,,,0,105,,4153,10,,,0,105,,4154,10,,,0,105,,4155,10,,,0,105,,4156,10,,,0,110,,4157,10,,,0,150,,4158,10,,,0,110,,4159,10,,,0,110,,4160,10,,,0,110,,4161,10,,,0
901,'5',702,,4162,34,,,0,105,,4163,34,,,0,105,,4164,34,,,0,105,,4165,34,,,0,105,,4166,34,,,0,105,,4167,34,,,0,110,,4168,34,,,0,110,,4169,34,,,0,110,,4170,34,,,0,150,,4171,34,,,0,110,,4172,34,,,0
1401,'1',807,,4543,25,,,0,105,,4544,25,,,0,105,,4545,25,,,0,105,,4546,25,,,0,105,,4547,25,,,0,105,,4548,25,,,0,105,,4549,25,,,0,105,,4550,25,,,0,105,,4551,25,,,0,105,,4552,25,,,0
1401,'2',1017,,4553,25,,,0,105,,4554,25,,,0,105,,4555,25,,,0,105,,4556,25,,,0,105,,4557,25,,,0,105,,4558,25,,,0,105,,4559,25,,,0
1401,'5',702,,4560,25,,,0,35,,4575,25,,,0,70,,4561,25,,,0,35,,4576,25,,,0,70,,4562,25,,,0,35,,4577,25,,,0,70,,4563,25,,,0,105,,4564,25,,,0,105,,4565,25,,,0,110,,4566,25,,,0,110,,4567,25,,,0,70,,4578,25,,,0,40,,4568,25,,,0,70,,4579,25,,,0,80,,4569,25,,,0,30,,4580,25,,,0,80,,4570,25,,,0,105,,4571,25,,,0,105,,4572,25,,,0,100,,4573,25,,,0,100,,4574,25,,,0
2300,'1',959,,5130,12,,,0,145,,5131,12,,,0,105,,5132,12,,,0,105,,5133,12,,,0,105,,5134,12,,,0,105,,5135,12,,,0,105,,5136,12,,,0,105,,5137,12,,,0
2300,'2',959,,5138,12,,,0,145,,5139,12,,,0,105,,5140,12,,,0,105,,5141,12,,,0,105,,5142,12,,,0,105,,5143,12,,,0,105,,5144,12,,,0
2300,'5',1829,,5155,12,,,0,105,,5156,12,,,0,105,,5157,12,,,0,102,,5158,12,,,0,100,,5159,12,,,0
2301,'1',1029,,5160,19,,,0,105,,5161,19,,,0,105,,5162,19,,,0,105,,5163,19,,,0,105,,5164,19,,,0,105,,5165,19,,,0,105,,5166,19,,,0,145,,5167,19,,,0
2301,'2',1029,,5168,19,,,0,105,,5169,19,,,0,105,,5170,19,,,0,105,,5171,19,,,0,105,,5172,19,,,0,105,,5173,19,,,0,105,,5174,19,,,0
2301,'5',1859,,5186,19,,,0,145,,5187,19,,,0,105,,5188,19,,,0,103,,5189,19,,,0,100,,5190,19,,,0
