100,'1',803,,3652,33,,,0,105,,3653,33,,,0,30,,3662,33,,,0,75,,3654,33,,,0,30,,3663,33,,,0,75,,3655,33,,,0,30,,3664,33,,,0,75,,3656,33,,,0,30,,3665,33,,,0,75,,3657,33,,,0,30,,3666,33,,,0,75,,3658,33,,,0,70,,3667,33,,,0,35,,3659,33,,,0,70,,3668,33,,,0,35,,3660,33,,,0,70,,3669,33,,,0,35,,3661,33,,,0,105,,3670,33,,,0,104,,3671,33,,,0,100,,3672,33,,,0,100,,3673,33,,,0,100,,3674,33,,,0,100,,3675,33,,,0
100,'2',908,,3676,33,,,0,105,,3677,33,,,0,105,,3678,33,,,0,105,,3679,33,,,0,105,,3680,33,,,0,105,,3681,33,,,0,105,,3682,33,,,0,105,,3683,33,,,0,105,,3684,33,,,0,105,,3685,33,,,0,104,,3686,33,,,0
100,'5',658,,3697,34,,,0,70,,3687,34,,,0,81,,3698,34,,,0,30,,3688,34,,,0,75,,3708,34,,,0,10,,3699,34,,,0,30,,3689,34,,,0,85,,3700,34,,,0,70,,3690,34,,,0,45,,3701,34,,,0,75,,3691,34,,,0,80,,3702,34,,,0,35,,3692,34,,,0,80,,3703,34,,,0,35,,3693,34,,,0,80,,3704,34,,,0,15,,3714,34,,,0,60,,3694,34,,,0,40,,3705,34,,,0,55,,3715,34,,,0,20,,3695,34,,,0,74,,3706,34,,,0,40,,3696,33,,,0,65,,3707,33,,,0,40,,3709,33,,,0,105,,3710,33,,,0,101,,3711,33,,,0,100,,3712,33,,,0,100,,3713,33,,,0
901,'5',658,,4162,29,,,0,145,,4163,29,,,0,105,,4164,29,,,0,105,,4165,29,,,0,105,,4166,29,,,0,105,,4167,29,,,0,110,,4168,29,,,0,110,,4169,29,,,0,110,,4170,29,,,0,150,,4171,29,,,0,110,,4172,29,,,0
1300,'5',834,,4506,12,,,0
1401,'1',804,,4543,20,,,0,105,,4544,20,,,0,105,,4545,20,,,0,105,,4546,20,,,0,105,,4547,20,,,0,105,,4548,20,,,0,105,,4549,20,,,0,105,,4550,20,,,0,105,,4551,20,,,0,105,,4552,20,,,0
1401,'2',1014,,4553,20,,,0,105,,4554,20,,,0,105,,4555,20,,,0,105,,4556,20,,,0,105,,4557,20,,,0,105,,4558,20,,,0,105,,4559,20,,,0
1401,'5',659,,4560,20,,,0,75,,4575,20,,,0,70,,4561,20,,,0,35,,4576,20,,,0,70,,4562,20,,,0,35,,4577,20,,,0,70,,4563,20,,,0,105,,4564,20,,,0,105,,4565,20,,,0,110,,4566,20,,,0,110,,4567,20,,,0,70,,4578,20,,,0,40,,4568,20,,,0,70,,4579,20,,,0,80,,4569,20,,,0,30,,4580,20,,,0,80,,4570,20,,,0,105,,4571,20,,,0,105,,4572,20,,,0,101,,4573,20,,,0,100,,4574,20,,,0
2301,'1',1027,,5160,14,,,0,105,,5161,14,,,0,105,,5162,14,,,0,105,,5163,14,,,0,105,,5164,14,,,0,105,,5165,14,,,0,105,,5166,14,,,0,145,,5167,14,,,0
2301,'2',1027,,5168,14,,,0,105,,5169,14,,,0,105,,5170,14,,,0,105,,5171,14,,,0,105,,5172,14,,,0,105,,5173,14,,,0,105,,5174,14,,,0
2301,'5',1857,,5186,14,,,0,145,,5187,14,,,0,105,,5188,14,,,0,103,,5189,14,,,0,100,,5190,14,,,0
