1000,'1',700,,4173,15,,,0,6,,4173,17,,,0,24,,4192,15,,,0,6,,4192,17,,,0,99,,4174,15,,,0,6,,4174,17,,,0,64,,4193,15,,,0,6,,4193,17,,,0,99,,4175,15,,,0,6,,4175,17,,,0,27,,4194,15,,,0,8,,4194,17,,,0,49,,4203,15,,,0,6,,4203,17,,,0,9,,4184,15,,,0,6,,4184,17,,,0,27,,4176,15,,,0,8,,4176,17,,,0,64,,4195,15,,,0,6,,4195,17,,,0,9,,4200,15,,,0,6,,4200,17,,,0,12,,4185,15,,,0,48,,4185,17,,,0,24,,4177,15,,,0,6,,4177,17,,,0,27,,4196,15,,,0,48,,4196,17,,,0,4,,4201,15,,,0,6,,4201,17,,,0,14,,4186,15,,,0,6,,4186,17,,,0,67,,4178,15,,,0,8,,4178,17,,,0,24,,4197,15,,,0,6,,4197,17,,,0,9,,4202,15,,,0,6,,4202,17,,,0,52,,4187,15,,,0,8,,4187,17,,,0,24,,4179,15,,,0,6,,4179,17,,,0,67,,4198,15,,,0,8,,4198,17,,,0,24,,4188,15,,,0,6,,4188,17,,,0,67,,4180,15,,,0,8,,4180,17,,,0,97,,4189,15,,,0,8,,4189,17,,,0,24,,4181,15,,,0,46,,4181,17,,,0,54,,4190,15,,,0,46,,4190,17,,,0,24,,4182,15,,,0,6,,4182,17,,,0,94,,4191,15,,,0,6,,4191,17,,,0,24,,4183,15,,,0,46,,4183,17,,,0
1000,'2',835,,4205,15,,,0,6,,4205,17,,,0,99,,4219,15,,,0,6,,4219,17,,,0,64,,4206,15,,,0,6,,4206,17,,,0,27,,4222,15,,,0,8,,4222,17,,,0,64,,4213,15,,,0,6,,4213,17,,,0,27,,4207,15,,,0,8,,4207,17,,,0,64,,4223,15,,,0,6,,4223,17,,,0,27,,4214,15,,,0,48,,4214,17,,,0,24,,4208,15,,,0,6,,4208,17,,,0,27,,4224,15,,,0,48,,4224,17,,,0,24,,4215,15,,,0,6,,4215,17,,,0,67,,4209,15,,,0,8,,4209,17,,,0,24,,4225,15,,,0,6,,4225,17,,,0,67,,4216,15,,,0,8,,4216,17,,,0,24,,4210,15,,,0,6,,4210,17,,,0,67,,4226,15,,,0,8,,4226,17,,,0,24,,4217,15,,,0,6,,4217,17,,,0,67,,4211,15,,,0,8,,4211,17,,,0,97,,4218,15,,,0,8,,4218,17,,,0,24,,4212,15,,,0,46,,4212,17,,,0
1000,'5',625,,4249,15,,,0,6,,4249,17,,,0,24,,4227,15,,,0,46,,4227,17,,,0,27,,4239,15,,,0,8,,4239,17,,,0,64,,4250,15,,,0,6,,4250,17,,,0,27,,4228,15,,,0,8,,4228,17,,,0,64,,4240,15,,,0,6,,4240,17,,,0,27,,4251,15,,,0,8,,4251,17,,,0,64,,4229,15,,,0,6,,4229,17,,,0,27,,4241,15,,,0,8,,4241,17,,,0,64,,4252,15,,,0,6,,4252,17,,,0,27,,4230,15,,,0,8,,4230,17,,,0,67,,4242,15,,,0,8,,4242,17,,,0,69,,4253,15,,,0,6,,4253,17,,,0,27,,4231,15,,,0,8,,4231,17,,,0,9,,4260,15,,,0,6,,4260,17,,,0,52,,4243,15,,,0,8,,4243,17,,,0,29,,4254,15,,,0,6,,4254,17,,,0,67,,4238,15,,,0,8,,4238,17,,,0,12,,4257,15,,,0,8,,4257,17,,,0,7,,4244,15,,,0,48,,4244,17,,,0,29,,4255,15,,,0,6,,4255,17,,,0,67,,4232,15,,,0,8,,4232,17,,,0,12,,4258,15,,,0,8,,4258,17,,,0,7,,4245,15,,,0,8,,4245,17,,,0,59,,4256,15,0,27 26,0,38,,4233,15,,,0,8,,4233,17,,,0,49,,4259,15,,,0,6,,4259,17,,,0,9,,4246,15,,,0,6,,4246,17,,,0,99,,4234,15,,,0,6,,4234,17,,,0,29,,4247,15,,,0,46,,4247,17,,,0,124,,4248,15,,,0,6,,4248,17,,,0,94,,4236,15,,,0,6,,4236,17,,,0
1100,'1',946,,4348,2,,,0,105,,4349,2,,,0,105,,4350,2,,,0,145,,4351,2,,,0,105,,4352,2,,,0,105,,4353,2,,,0,105,,4354,2,,,0,105,,4355,2,,,0
1100,'5',736,,4356,2,,,0,105,,4357,2,,,0,105,,4358,2,,,0,105,,4359,2,,,0,105,,4360,2,,,0,150,,4361,2,,,0,110,,4362,2,,,0,110,,4363,2,,,0,110,,4364,2,,,0,110,,4365,2,,,0
1201,'1',841,,4460,2,,,0,71,,4446,2,,,0,34,,4461,2,,,0,71,,4447,2,,,0,34,,4462,2,,,0,71,,4448,2,,,0,34,,4463,2,,,0,71,,4449,2,,,0,74,,4464,2,,,0,31,,4450,2,,,0,74,,4465,2,,,0,31,,4451,2,,,0,74,,4466,2,,,0,31,,4452,2,,,0,74,,4467,2,,,0,31,,4453,2,,,0,74,,4468,2,,,0,31,,4454,2,,,0,74,,4469,2,,,0,31,,4455,2,,,0,144,,4456,2,,,0,100,,4457,2,,,0,100,,4458,2,,,0,100,,4459,2,,,0
1201,'2',912,,4470,2,,,0,105,,4471,2,,,0,105,,4472,2,,,0,105,,4473,2,,,0,105,,4474,2,,,0,105,,4475,2,,,0,105,,4476,2,,,0,105,,4477,2,,,0,105,,4478,2,,,0,105,,4479,2,,,0,144,,4480,2,,,0
1201,'5',702,,4481,2,,,0,34,,4491,2,,,0,71,,4482,2,,,0,34,,4492,2,,,0,71,,4483,2,,,0,34,,4493,2,,,0,71,,4484,2,,,0,34,,4494,2,,,0,70,,4485,2,,,0,35,,4495,2,,,0,75,,4486,2,,,0,75,,4496,2,,,0,35,,4487,2,,,0,75,,4497,2,,,0,35,,4488,2,,,0,75,,4498,2,,,0,75,,4489,2,,,0,35,,4499,2,,,0,75,,4490,2,,,0,35,,4500,2,,,0,105,,4501,2,,,0,105,,4502,2,,,0,145,,4503,2,,,0,100,,4504,2,,,0,100,,4505,2,,,0
1501,'1',940,,4627,31,,,0,105,,4628,31,,,0,105,,4629,31,,,0,105,,4630,31,,,0,145,,4631,31,,,0,105,,4632,31,,,0,105,,4633,31,,,0,105,,4634,31,,,0,105,,4635,31,,,0,105,,4636,31,,,0,100,,4637,31,,,0,100,,4638,31,,,0,100,,4639,31,,,0,100,,4640,31,,,0
1501,'2',940,,4641,31,,,0,105,,4642,31,,,0,105,,4643,31,,,0,105,,4644,31,,,0,145,,4645,31,,,0,105,,4646,31,,,0,105,,4647,31,,,0,105,,4648,31,,,0,105,,4649,31,,,0,105,,4650,31,,,0,100,,4651,31,,,0
1501,'5',655,,4652,31,,,0,75,,4659,31,,,0,70,,4653,31,,,0,35,,4660,31,,,0,70,,4654,31,,,0,35,,4661,31,,,0,105,,4662,31,,,0,105,,4663,31,,,0,105,,4664,31,,,0,150,,4665,31,,,0,110,,4666,31,,,0,35,,4655,31,,,0,75,,4667,31,,,0,75,,4656,31,,,0,35,,4668,31,,,0,75,,4657,31,,,0,35,,4669,31,,,0,70,,4658,31,,,0,105,,4670,31,,,0,105,,4671,31,,,0,100,,4672,31,,,0,100,,4673,31,,,0
1901,'1',807,,4902,2,,,0,105,,4903,2,,,0,105,,4904,2,,,0,105,,4905,2,,,0,34,,4917,2,,,0,71,,4906,2,,,0,74,,4918,2,,,0,31,,4907,2,,,0,74,,4919,2,,,0,31,,4908,2,,,0,74,,4920,2,,,0,31,,4909,2,,,0,105,,4910,2,,,0,105,,4911,2,,,0,105,,4912,2,,,0,144,,4913,2,,,0,100,,4914,2,,,0,100,,4915,2,,,0,100,,4916,2,,,0
1901,'2',912,,4921,2,,,0,105,,4922,2,,,0,105,,4923,2,,,0,105,,4924,2,,,0,105,,4925,2,,,0,105,,4926,2,,,0,105,,4927,2,,,0,105,,4928,2,,,0,105,,4929,2,,,0,105,,4930,2,,,0,144,,4931,2,,,0
1901,'5',631,,4932,2,,,0,71,,4934,2,,,0,34,,4933,2,,,0,71,,4936,2,,,0,34,,4935,2,,,0,71,,4937,2,,,0,105,,4938,2,,,0,105,,4939,2,,,0,109,,4940,2,,,0,110,,4941,2,,,0,110,,4942,2,,,0,150,,4943,2,,,0,35,,4945,2,,,0,75,,4944,2,,,0,35,,4946,2,,,0,105,,4947,2,,,0,105,,4948,2,,,0,145,,4949,2,,,0,100,,4950,2,,,0,100,,4951,2,,,0
2300,'1',946,,5130,2,,,0,105,,5131,2,,,0,105,,5132,2,,,0,145,,5133,2,,,0,105,,5134,2,,,0,105,,5135,2,,,0,105,,5136,2,,,0,105,,5137,2,,,0
2300,'2',946,,5138,2,,,0,105,,5139,2,,,0,105,,5140,2,,,0,145,,5141,2,,,0,105,,5142,2,,,0,105,,5143,2,,,0,105,,5144,2,,,0
2300,'5',701,,5145,2,,,0,105,,5146,2,,,0,105,,5147,2,,,0,105,,5148,2,,,0,105,,5149,2,,,0,110,,5150,2,,,0,110,,5151,2,,,0,110,,5152,2,,,0,150,,5153,2,,,0,110,,5154,2,,,0,105,,5155,2,,,0,105,,5156,2,,,0,105,,5157,2,,,0,105,,5158,2,,,0,100,,5159,2,,,0
2600,'5',841,,5191,19,,,0
