201,'1',736,,3871,3,,,0,105,,3863,3,,,0,70,,3884,3,,,0,35,,3872,3,,,0,70,,3879,3,,,0,35,,3864,3,,,0,70,,3885,3,,,0,35,,3873,3,,,0,70,,3880,3,,,0,75,,3865,3,,,0,30,,3886,3,,,0,75,,3874,3,,,0,30,,3881,3,,,0,75,,3866,3,,,0,30,,3887,3,,,0,75,,3875,3,,,0,30,,3882,3,,,0,75,,3867,3,,,0,30,,3888,3,,,0,75,,3876,3,,,0,30,,3883,3,,,0,75,,3868,3,,,0,70,,3889,3,,,0,30,,3877,3,,,0,100,,3869,3,,,0,100,,3878,3,,,0,100,,3870,3,,,0
201,'2',841,,3890,3,,,0,105,,3896,3,,,0,70,,3901,3,,,0,35,,3891,3,,,0,70,,3905,3,,,0,35,,3897,3,,,0,70,,3902,3,,,0,75,,3892,3,,,0,30,,3906,3,,,0,75,,3898,3,,,0,30,,3903,3,,,0,75,,3893,3,,,0,30,,3907,3,,,0,75,,3899,3,,,0,30,,3904,3,,,0,75,,3894,3,,,0,105,,3900,3,,,0,105,,3895,3,,,0
201,'5',631,,3924,3,,,0,70,,3908,3,,,0,35,,3932,3,,,0,70,,3916,3,,,0,35,,3925,3,,,0,70,,3909,3,,,0,35,,3933,3,,,0,70,,3917,3,,,0,35,,3926,3,,,0,70,,3910,3,,,0,35,,3934,3,,,0,75,,3918,3,,,0,15,,3941,3,,,0,60,,3927,3,,,0,35,,3911,3,,,0,15,,3939,3,,,0,60,,3935,3,,,0,35,,3919,3,,,0,55,,3942,3,,,0,20,,3928,3,,,0,75,,3912,3,,,0,15,,3940,3,,,0,20,,3936,3,,,0,75,,3920,3,,,0,15,,3943,3,,,0,20,,3930,3,,,0,70,,3913,3,,,0,35,,3937,3,,,0,70,,3921,3,,,0,35,,3929,3,,,0,70,,3914,3,,,0,75,,3938,3,,,0,30,,3922,3,,,0,70,,3931,3,,,0,30,,3915,3,,,0,100,,3923,3,,,0
1600,'1',911,,4674,12,,,0,105,,4675,12,,,0,105,,4676,12,,,0,105,,4677,12,,,0,105,,4678,12,,,0,105,,4679,12,,,0,105,,4680,12,,,0,105,,4681,12,,,0,105,,4682,12,,,0,105,,4683,12,,,0,145,,4684,12,,,0,100,,4685,12,,,0,100,,4686,12,,,0,100,,4687,12,,,0
1600,'2',1016,,4695,12,,,0,105,,4688,12,,,0,105,,4689,12,,,0,105,,4690,12,,,0,105,,4691,12,,,0,105,,4692,12,,,0,105,,4693,12,,,0,105,,4694,12,,,0
1600,'5',736,,4696,12,,,0,105,,4697,12,,,0,70,,4710,12,,,0,35,,4698,12,,,0,105,,4699,12,,,0,105,,4700,12,,,0,150,,4701,12,,,0,110,,4702,12,,,0,35,,4711,12,,,0,75,,4703,12,,,0,75,,4712,12,,,0,35,,4704,12,,,0,75,,4713,12,,,0,35,,4705,12,,,0,70,,4714,12,,,0,35,,4706,12,,,0,105,,4707,12,,,0,145,,4708,12,,,0,100,,4709,12,,,0
1601,'1',841,,4715,19,,,0,105,,4716,19,,,0,105,,4717,19,,,0,105,,4718,19,,,0,145,,4719,19,,,0,105,,4720,19,,,0,105,,4721,19,,,0,105,,4722,19,,,0,105,,4723,19,,,0,105,,4724,19,,,0,105,,4725,19,,,0,100,,4726,19,,,0,100,,4727,19,,,0,100,,4728,19,,,0
1601,'2',946,,4729,19,,,0,105,,4730,19,,,0,105,,4731,19,,,0,145,,4732,19,,,0,105,,4733,19,,,0,105,,4734,19,,,0,105,,4735,19,,,0,105,,4736,19,,,0
1601,'5',701,,4737,19,,,0,105,,4738,19,,,0,105,,4739,19,,,0,30,,4752,19,,,0,75,,4740,19,,,0,105,,4741,19,,,0,110,,4742,19,,,0,110,,4743,19,,,0,110,,4744,19,,,0,75,,4753,19,,,0,75,,4745,19,,,0,35,,4754,19,,,0,75,,4746,19,,,0,35,,4755,19,,,0,70,,4747,19,,,0,105,,4748,19,,,0,105,,4749,19,,,0,105,,4750,19,,,0,100,,4751,19,,,0
3001,'1',840,,5256,3,,,0,105,,5257,3,,,0,105,,5258,3,,,0,105,,5259,3,,,0,145,,5260,3,,,0,105,,5261,3,,,0,105,,5262,3,,,0,105,,5263,3,,,0
3001,'5',640,,5268,3,,,0,95,,5264,3,,,0,105,,5270,3,,,0,105,,5271,3,,,0,105,,5272,3,,,0,105,,5273,3,,,0,86,,5275,3,,,0,100,,5274,3,,,0,110,,5265,3,,,0,150,,5266,3,,,0,110,,5267,3,,,0,105,,5269,3,,,0
