1001,'1',653,,4287,20,,,0,150,,4261,20,,,0,30,,4280,20,,,0,105,,4262,20,,,0,70,,4281,20,,,0,20,,4292,20,,,0,85,,4263,20,,,0,35,,4282,20,,,0,55,,4291,20,,,0,15,,4272,20,,,0,35,,4264,20,,,0,70,,4283,20,,,0,15,,4288,20,,,0,20,,4273,20,,,0,70,,4265,20,,,0,75,,4284,20,,,0,15,,4289,20,,,0,15,,4274,20,,,0,75,,4266,20,,,0,30,,4285,20,,,0,20,,4290,20,,,0,55,,4275,20,,,0,30,,4267,20,,,0,75,,4286,20,0,27 26,0,30,,4276,20,,,0,75,,4268,20,,,0,100,,4277,20,,,0,30,,4269,20,,,0,100,,4278,20,,,0,70,,4270,20,,,0,105,,4279,20,0,27 26,0,25,,4271,20,,,0
1001,'2',908,,4308,20,,,0,30,,4293,20,,,0,70,,4309,20,,,0,35,,4306,20,,,0,70,,4294,20,,,0,35,,4310,20,,,0,70,,4300,20,,,0,35,,4295,20,,,0,70,,4311,20,,,0,35,,4301,20,,,0,70,,4296,20,,,0,75,,4312,20,,,0,30,,4302,20,,,0,75,,4297,20,,,0,30,,4313,20,,,0,75,,4303,20,,,0,30,,4298,20,,,0,75,,4314,20,,,0,30,,4304,20,,,0,75,,4299,20,,,0,100,,4305,20,0,27 26,0
1001,'5',653,,4326,20,,,0,75,,4337,20,,,0,30,,4315,20,,,0,75,,4327,20,,,0,70,,4338,20,,,0,35,,4316,20,,,0,70,,4328,20,,,0,35,,4339,20,,,0,70,,4317,20,,,0,35,,4329,20,,,0,72,,4340,20,,,0,35,,4318,20,,,0,75,,4330,20,,,0,78,,4341,20,,,0,32,,4319,20,,,0,60,,4344,20,,,0,15,,4331,20,,,0,38,,4342,20,,,0,72,,4320,20,,,0,20,,4345,20,,,0,55,,4332,20,,,0,38,,4343,20,,,0,70,,4321,20,,,0,20,,4346,20,,,0,15,,4333,20,,,0,105,,4322,20,,,0,55,,4347,20,,,0,15,,4334,20,,,0,105,,4323,20,,,0,30,,4335,20,,,0,100,,4324,20,,,0,70,,4336,20,,,0,100,,4325,20,0,27 26,0
1501,'1',934,,4627,25,,,0,105,,4628,25,,,0,105,,4629,25,,,0,105,,4630,25,,,0,105,,4631,25,,,0,105,,4632,25,,,0,145,,4633,25,,,0,105,,4634,25,,,0,105,,4635,25,,,0,105,,4636,25,,,0,100,,4637,25,,,0,100,,4638,25,,,0,100,,4639,25,,,0,100,,4640,25,,,0
1501,'2',934,,4641,25,,,0,105,,4642,25,,,0,105,,4643,25,,,0,105,,4644,25,,,0,105,,4645,25,,,0,105,,4646,25,,,0,145,,4647,25,,,0,105,,4648,25,,,0,105,,4649,25,,,0,105,,4650,25,,,0,100,,4651,25,,,0
1501,'5',649,,4652,25,,,0,75,,4659,25,,,0,30,,4653,25,,,0,75,,4660,25,,,0,30,,4654,25,,,0,75,,4661,25,,,0,105,,4662,25,,,0,105,,4663,25,,,0,105,,4664,25,,,0,110,,4665,25,,,0,150,,4666,25,,,0,35,,4655,25,,,0,75,,4667,25,,,0,35,,4656,25,,,0,75,,4668,25,,,0,75,,4657,25,,,0,35,,4669,25,,,0,70,,4658,25,,,0,105,,4670,25,,,0,105,,4671,25,,,0,100,,4672,25,,,0,100,,4673,25,,,0
1600,'1',857,,4674,4,,,0,145,,4675,4,,,0,105,,4676,4,,,0,105,,4677,4,,,0,105,,4678,4,,,0,105,,4679,4,,,0,105,,4680,4,,,0,105,,4681,4,,,0,105,,4682,4,,,0,105,,4683,4,,,0,105,,4684,4,,,0,100,,4685,4,,,0,100,,4686,4,,,0,100,,4687,4,,,0
1600,'2',1002,,4695,4,,,0,105,,4688,4,,,0,105,,4689,4,,,0,105,,4690,4,,,0,105,,4691,4,,,0,105,,4692,4,,,0,105,,4693,4,,,0,105,,4694,4,,,0
1600,'5',718,,4696,4,,,0,105,,4697,4,,,0,34,,4710,4,,,0,71,,4698,4,,,0,105,,4699,4,,,0,105,,4700,4,,,0,110,,4701,4,,,0,110,,4702,4,,,0,75,,4711,4,,,0,75,,4703,4,,,0,35,,4712,4,,,0,75,,4704,4,,,0,35,,4713,4,,,0,75,,4705,4,,,0,74,,4714,4,,,0,31,,4706,4,,,0,105,,4707,4,,,0,105,,4708,4,,,0,104,,4709,4,,,0
2301,'1',1042,,5160,29,,,0,105,,5161,29,,,0,105,,5162,29,,,0,105,,5163,29,,,0,145,,5164,29,,,0,105,,5165,29,,,0,105,,5166,29,,,0,105,,5167,29,,,0
2301,'2',1042,,5168,29,,,0,105,,5169,29,,,0,105,,5170,29,,,0,105,,5171,29,,,0,145,,5172,29,,,0,105,,5173,29,,,0,105,,5174,29,,,0
2301,'5',654,,5175,17,,,0,105,,5176,17,,,0,145,,5177,17,,,0,105,,5178,17,,,0,105,,5179,17,,,0,105,,5180,17,,,0,110,,5181,17,,,0,110,,5182,17,,,0,110,,5183,17,,,0,110,,5184,17,,,0,150,,5185,17,,,0,103,,5186,29,,,0,105,,5187,29,,,0,105,,5188,29,,,0,102,,5189,29,,,0,100,,5190,29,,,0
