100,'1',737,,3652,3,,,0,105,,3653,3,,,0,70,,3662,3,,,0,35,,3654,3,,,0,70,,3663,3,,,0,35,,3655,3,,,0,70,,3664,3,,,0,35,,3656,3,,,0,70,,3665,3,,,0,75,,3657,3,,,0,30,,3666,3,,,0,75,,3658,3,,,0,30,,3667,3,,,0,75,,3659,3,,,0,30,,3668,3,,,0,75,,3660,3,,,0,30,,3669,3,,,0,75,,3661,3,,,0,105,,3670,3,,,0,105,,3671,3,,,0,100,,3672,3,,,0,100,,3673,3,,,0,100,,3674,3,,,0,100,,3675,3,,,0
100,'2',842,,3676,3,,,0,105,,3677,3,,,0,105,,3678,3,,,0,105,,3679,3,,,0,145,,3680,3,,,0,105,,3681,3,,,0,105,,3682,3,,,0,105,,3683,3,,,0,105,,3684,3,,,0,105,,3685,3,,,0,105,,3686,3,,,0
100,'5',632,,3697,3,,,0,70,,3687,3,,,0,36,,3698,3,,,0,70,,3688,3,,,0,35,,3708,3,,,0,10,,3699,3,,,0,70,,3689,3,,,0,85,,3700,3,,,0,30,,3690,3,,,0,85,,3701,3,,,0,35,,3691,3,,,0,80,,3702,3,,,0,75,,3692,3,,,0,40,,3703,3,,,0,75,,3693,3,,,0,80,,3704,3,,,0,15,,3714,3,,,0,20,,3694,3,,,0,80,,3705,3,,,0,15,,3715,3,,,0,20,,3695,3,,,0,79,,3706,3,,,0,80,,3696,3,,,0,25,,3707,3,,,0,80,,3709,3,,,0,105,,3710,3,,,0,105,,3711,3,,,0,100,,3712,3,,,0,100,,3713,3,,,0
200,'1',737,,3782,3,,,0,105,,3790,3,,,0,70,,3798,3,,,0,35,,3783,3,,,0,70,,3804,3,,,0,35,,3791,3,,,0,70,,3799,3,,,0,35,,3784,3,,,0,70,,3805,3,,,0,75,,3792,3,,,0,30,,3800,3,,,0,75,,3785,3,,,0,30,,3806,3,,,0,75,,3793,3,,,0,30,,3801,3,,,0,75,,3786,3,,,0,30,,3807,3,,,0,75,,3794,3,,,0,30,,3802,3,,,0,75,,3787,3,,,0,30,,3808,3,,,0,75,,3795,3,,,0,70,,3803,3,,,0,30,,3788,3,,,0,100,,3796,3,,,0,100,,3789,3,,,0,100,,3797,3,,,0
200,'2',842,,3814,3,,,0,105,,3809,3,,,0,70,,3823,3,,,0,35,,3815,3,,,0,70,,3820,3,,,0,35,,3810,3,,,0,70,,3824,3,,,0,75,,3816,3,,,0,30,,3821,3,,,0,75,,3811,3,,,0,30,,3825,3,,,0,75,,3817,3,,,0,30,,3822,3,,,0,75,,3812,3,,,0,30,,3826,3,,,0,75,,3818,3,,,0,105,,3813,3,,,0,105,,3819,3,,,0
200,'5',632,,3850,3,,,0,70,,3835,3,,,0,35,,3843,3,,,0,70,,3827,3,,,0,35,,3851,3,,,0,70,,3836,3,,,0,35,,3844,3,,,0,70,,3828,3,,,0,35,,3852,3,,,0,70,,3837,3,,,0,35,,3845,3,,,0,75,,3829,3,,,0,15,,3858,3,,,0,60,,3853,3,,,0,35,,3838,3,,,0,15,,3861,3,,,0,60,,3846,3,,,0,35,,3830,3,,,0,55,,3859,3,,,0,20,,3854,3,,,0,75,,3839,3,,,0,15,,3862,3,,,0,20,,3847,3,,,0,75,,3831,3,,,0,15,,3860,3,,,0,20,,3855,3,,,0,70,,3840,3,,,0,35,,3848,3,,,0,70,,3832,3,,,0,35,,3856,3,,,0,70,,3841,3,,,0,75,,3849,3,,,0,30,,3833,3,,,0,70,,3857,3,,,0,30,,3842,3,,,0,100,,3834,3,,,0
300,'1',737,,3954,4,,,0,75,,3944,4,,,0,30,,3964,4,,,0,70,,3955,4,,,0,35,,3945,4,,,0,70,,3965,4,,,0,35,,3956,4,,,0,70,,3946,4,,,0,35,,3966,4,,,0,70,,3957,4,,,0,75,,3947,4,,,0,30,,3967,4,,,0,75,,3958,4,,,0,30,,3948,4,,,0,75,,3968,4,,,0,30,,3959,4,,,0,75,,3949,4,,,0,30,,3969,4,,,0
300,'5',632,,3993,4,,,0,70,,4004,4,,,0,35,,3986,4,,,0,70,,3994,4,,,0,35,,4005,4,,,0,70,,3987,4,,,0,35,,3995,4,,,0,70,,4006,4,,,0,35,,3988,4,,,0,70,,3996,4,,,0,35,,4007,4,,,0,75,,3989,4,,,0,75,,3997,4,,,0,35,,4008,4,,,0,75,,3990,4,,,0,35,,3998,4,,,0,75,,4009,4,,,0,75,,3991,4,,,0,35,,3999,4,,,0,75,,4010,4,,,0,35,,3992,4,,,0
600,'1',807,,4088,3,,,0,105,,4089,3,,,0,105,,4090,3,,,0,105,,4091,3,,,0,105,,4092,3,,,0,105,,4093,3,,,0,105,,4094,3,,,0,105,,4095,3,,,0,105,,4096,3,,,0,105,,4097,3,,,0,105,,4098,3,,,0
600,'2',912,,4099,3,,,0,105,,4100,3,,,0,105,,4101,3,,,0,105,,4102,3,,,0,105,,4103,3,,,0,105,,4104,3,,,0,105,,4105,3,,,0,105,,4106,3,,,0
600,'5',632,,4107,3,,,0,70,,4108,3,,,0,105,,4109,3,,,0,105,,4110,3,,,0,105,,4111,3,,,0,105,,4112,3,,,0,110,,4113,3,,,0,110,,4114,3,,,0,110,,4115,3,,,0,150,,4116,3,,,0,110,,4117,3,,,0,105,,4118,3,,,0,105,,4119,3,,,0
