101,'1',808,,3716,3,,,0,105,,3717,3,,,0,30,,3726,3,,,0,75,,3718,3,,,0,30,,3727,3,,,0,75,,3719,3,,,0,30,,3728,3,,,0,75,,3720,3,,,0,30,,3729,3,,,0,75,,3721,3,,,0,70,,3730,3,,,0,35,,3722,3,,,0,70,,3731,3,,,0,35,,3723,3,,,0,70,,3732,3,,,0,35,,3724,3,,,0,70,,3733,3,,,0,35,,3725,3,,,0,105,,3734,3,,,0,142,,3735,3,,,0,100,,3736,3,,,0,100,,3737,3,,,0,100,,3738,3,,,0,100,,3739,3,,,0
101,'2',913,,3740,3,,,0,105,,3741,3,,,0,105,,3742,3,,,0,105,,3743,3,,,0,105,,3744,3,,,0,105,,3745,3,,,0,105,,3746,3,,,0,105,,3747,3,,,0,105,,3748,3,,,0,105,,3749,3,,,0,142,,3750,3,,,0
101,'5',630,,3751,3,,,0,73,,3762,3,,,0,30,,3752,3,,,0,83,,3763,3,,,0,30,,3753,3,,,0,75,,3774,3,,,0,10,,3764,3,,,0,70,,3754,3,,,0,45,,3765,3,,,0,70,,3755,3,,,0,85,,3766,3,,,0,35,,3756,3,,,0,80,,3767,3,,,0,35,,3757,3,,,0,80,,3768,3,,,0,75,,3758,3,,,0,40,,3769,3,,,0,55,,3780,3,,,0,20,,3759,3,,,0,80,,3770,3,,,0,15,,3781,3,,,0,20,,3760,3,,,0,72,,3771,3,,,0,40,,3761,3,,,0,65,,3772,3,,,0,40,,3775,3,,,0,104,,3776,3,,,0,143,,3777,3,,,0,100,,3778,3,,,0,101,,3779,3,,,0
900,'5',722,,4152,13,,,0,105,,4153,13,,,0,105,,4154,13,,,0,105,,4155,13,,,0,105,,4156,13,,,0,110,,4157,13,,,0,150,,4158,13,,,0,110,,4159,13,,,0,110,,4160,13,,,0,110,,4161,13,,,0
901,'5',705,,4162,37,,,0,105,,4163,37,,,0,105,,4164,37,,,0,105,,4165,37,,,0,105,,4166,37,,,0,105,,4167,37,,,0,110,,4168,37,,,0,110,,4169,37,,,0,150,,4170,37,,,0,110,,4171,37,,,0,110,,4172,37,,,0
1301,'5',841,,4507,3,,,0
1400,'1',830,,4508,8,,,0,105,,4509,8,,,0,105,,4510,8,,,0,105,,4511,8,,,0,105,,4512,8,,,0,105,,4513,8,,,0,145,,4514,8,,,0,105,,4515,8,,,0,105,,4516,8,,,0
1400,'2',935,,4517,8,,,0,105,,4518,8,,,0,105,,4519,8,,,0,105,,4520,8,,,0,105,,4521,8,,,0,145,,4522,8,,,0,105,,4523,8,,,0
1400,'5',725,,4524,8,,,0,75,,4538,8,,,0,30,,4525,8,,,0,75,,4539,8,,,0,30,,4526,8,,,0,105,,4527,8,,,0,105,,4528,8,,,0,110,,4529,8,,,0,150,,4530,8,,,0,30,,4540,8,,,0,80,,4531,8,,,0,30,,4541,8,,,0,80,,4532,8,,,0,30,,4542,8,,,0,80,,4533,8,,,0,105,,4534,8,,,0,105,,4535,8,,,0,105,,4536,8,,,0,100,,4537,8,,,0
1401,'1',811,,4543,29,,,0,105,,4544,29,,,0,105,,4545,29,,,0,105,,4546,29,,,0,105,,4547,29,,,0,105,,4548,29,,,0,105,,4549,29,,,0,105,,4550,29,,,0,105,,4551,29,,,0,105,,4552,29,,,0
1401,'2',1021,,4553,29,,,0,105,,4554,29,,,0,105,,4555,29,,,0,105,,4556,29,,,0,105,,4557,29,,,0,105,,4558,29,,,0,105,,4559,29,,,0
1401,'5',706,,4560,29,,,0,35,,4575,29,,,0,70,,4561,29,,,0,35,,4576,29,,,0,70,,4562,29,,,0,35,,4577,29,,,0,70,,4563,29,,,0,105,,4564,29,,,0,105,,4565,29,,,0,110,,4566,29,,,0,110,,4567,29,,,0,70,,4578,29,,,0,80,,4568,29,,,0,30,,4579,29,,,0,80,,4569,29,,,0,30,,4580,29,,,0,80,,4570,29,,,0,105,,4571,29,,,0,105,,4572,29,,,0,100,,4573,29,,,0,100,,4574,29,,,0
2300,'1',1000,,5130,15,,,0,105,,5131,15,,,0,105,,5132,15,,,0,105,,5133,15,,,0,105,,5134,15,,,0,105,,5135,15,,,0,105,,5136,15,,,0,105,,5137,15,,,0
2300,'2',1000,,5138,15,,,0,105,,5139,15,,,0,105,,5140,15,,,0,105,,5141,15,,,0,105,,5142,15,,,0,105,,5143,15,,,0,105,,5144,15,,,0
2300,'5',1830,,5155,15,,,0,105,,5156,15,,,0,105,,5157,15,,,0,102,,5158,15,,,0,100,,5159,15,,,0
2301,'1',1031,,5160,22,,,0,105,,5161,22,,,0,105,,5162,22,,,0,105,,5163,22,,,0,105,,5164,22,,,0,105,,5165,22,,,0,145,,5166,22,,,0,105,,5167,22,,,0
2301,'2',1031,,5168,22,,,0,105,,5169,22,,,0,105,,5170,22,,,0,105,,5171,22,,,0,105,,5172,22,,,0,105,,5173,22,,,0,145,,5174,22,,,0
2301,'5',1901,,5186,22,,,0,105,,5187,22,,,0,105,,5188,22,,,0,103,,5189,22,,,0,100,,5190,22,,,0
2900,'1',1101,,5192,5,,,0,105,,5193,5,,,0,105,,5194,5,,,0,105,,5195,5,,,0,105,,5196,5,,,0,105,,5197,5,,,0
2900,'2',1101,,5198,5,,,0,105,,5199,5,,,0,105,,5200,5,,,0,105,,5201,5,,,0,105,,5202,5,,,0,105,,5203,5,,,0
2900,'5',849,,5204,5,,,0,105,,5205,5,,,0,105,,5206,5,,,0,145,,5207,5,,,0,105,,5208,5,,,0,105,,5209,5,,,0,105,,5210,5,,,0,105,,5211,5,,,0,105,,5212,5,,,0,105,,5213,5,,,0,105,,5214,5,,,0
