200,'1',752,,3782,20,,,0,105,,3790,20,,,0,70,,3798,20,,,0,75,,3783,20,,,0,30,,3804,20,,,0,75,,3791,20,,,0,30,,3799,20,,,0,75,,3784,20,,,0,30,,3805,20,,,0,75,,3792,20,,,0,30,,3800,20,,,0,75,,3785,20,,,0,30,,3806,20,,,0,75,,3793,20,,,0,30,,3801,20,,,0,75,,3786,20,,,0,70,,3807,20,,,0,35,,3794,20,,,0,70,,3802,20,,,0,35,,3787,20,,,0,70,,3808,20,,,0,34,,3795,20,,,0,70,,3803,20,,,0,30,,3788,20,,,0,100,,3796,20,,,0,100,,3789,20,,,0,100,,3797,20,,,0
200,'2',857,,3814,20,,,0,145,,3809,20,,,0,30,,3823,20,,,0,75,,3815,20,,,0,30,,3820,20,,,0,75,,3810,20,,,0,30,,3824,20,,,0,75,,3816,20,,,0,30,,3821,20,,,0,75,,3811,20,,,0,30,,3825,20,,,0,75,,3817,20,,,0,30,,3822,20,,,0,75,,3812,20,,,0,70,,3826,20,,,0,35,,3818,20,,,0,105,,3813,20,,,0,104,,3819,20,,,0
200,'5',647,,3850,20,,,0,70,,3835,20,,,0,35,,3843,20,,,0,70,,3827,20,,,0,35,,3851,20,,,0,70,,3836,20,,,0,75,,3844,20,,,0,30,,3828,20,,,0,75,,3852,20,,,0,30,,3837,20,,,0,75,,3845,20,,,0,35,,3829,20,,,0,55,,3858,20,,,0,20,,3853,20,,,0,35,,3838,20,,,0,55,,3861,20,,,0,20,,3846,20,,,0,75,,3830,20,,,0,15,,3859,20,,,0,20,,3854,20,,,0,75,,3839,20,,,0,15,,3862,20,,,0,20,,3847,20,,,0,75,,3831,20,,,0,15,,3860,20,,,0,60,,3855,20,,,0,30,,3840,20,,,0,75,,3848,20,,,0,30,,3832,20,,,0,75,,3856,20,,,0,30,,3841,20,,,0,74,,3849,20,,,0,30,,3833,20,,,0,70,,3857,20,,,0,30,,3842,20,,,0,100,,3834,20,,,0
1000,'1',728,,4173,33,,,0,30,,4192,33,,,0,145,,4174,33,,,0,30,,4193,33,,,0,105,,4175,33,,,0,74,,4194,33,,,0,16,,4203,33,,,0,15,,4184,33,,,0,74,,4176,33,,,0,31,,4195,33,,,0,55,,4200,33,,,0,19,,4185,33,,,0,31,,4177,33,,,0,74,,4196,33,,,0,13,,4201,33,,,0,18,,4186,33,,,0,74,,4178,33,,,0,71,,4197,33,,,0,17,,4202,33,,,0,17,,4187,33,,,0,71,,4179,33,,,0,34,,4198,33,,,0,71,,4188,33,,,0,34,,4180,33,,,0,105,,4189,33,,,0,71,,4181,33,,,0,100,,4190,33,,,0,30,,4182,33,,,0,100,,4191,33,,,0,70,,4183,33,,,0
1000,'2',903,,4205,33,,,0,105,,4219,33,,,0,30,,4206,33,,,0,74,,4222,33,,,0,31,,4213,33,,,0,74,,4207,33,,,0,31,,4223,33,,,0,74,,4214,33,,,0,31,,4208,33,,,0,74,,4224,33,,,0,31,,4215,33,,,0,74,,4209,33,,,0,71,,4225,33,,,0,34,,4216,33,,,0,71,,4210,33,,,0,34,,4226,33,,,0,71,,4217,33,,,0,34,,4211,33,,,0,105,,4218,33,,,0,71,,4212,33,,,0
1000,'5',653,,4249,33,,,0,70,,4227,33,,,0,34,,4239,33,,,0,71,,4250,33,,,0,74,,4228,33,,,0,31,,4240,33,,,0,74,,4251,33,,,0,31,,4229,33,,,0,74,,4241,33,,,0,31,,4252,33,,,0,74,,4230,33,,,0,35,,4242,33,,,0,78,,4253,33,,,0,72,,4231,33,,,0,18,,4260,33,,,0,17,,4243,33,,,0,78,,4254,33,,,0,32,,4238,33,,,0,60,,4257,33,,,0,15,,4244,33,,,0,78,,4255,33,,,0,32,,4232,33,,,0,20,,4258,33,,,0,55,,4245,33,,,0,105,,4233,33,,,0,16,,4259,33,,,0,15,,4246,33,,,0,105,,4234,33,,,0,75,,4247,33,,,0,130,,4248,33,,,0,100,,4236,33,,,0
1500,'1',858,,4581,18,,,0,145,,4582,18,,,0,105,,4583,18,,,0,105,,4584,18,,,0,105,,4585,18,,,0,105,,4586,18,,,0,105,,4587,18,,,0,105,,4588,18,,,0,105,,4589,18,,,0,105,,4590,18,,,0,105,,4591,18,,,0,100,,4592,18,,,0,100,,4593,18,,,0,100,,4594,18,,,0
1500,'2',858,,4595,18,,,0,145,,4596,18,,,0,105,,4597,18,,,0,105,,4598,18,,,0,105,,4599,18,,,0,105,,4600,18,,,0,105,,4601,18,,,0,105,,4602,18,,,0,105,,4603,18,,,0,105,,4604,18,,,0,105,,4605,18,,,0
1500,'5',648,,4612,18,,,0,70,,4606,18,,,0,35,,4613,18,,,0,70,,4607,18,,,0,35,,4614,18,,,0,145,,4615,18,,,0,105,,4616,18,,,0,105,,4617,18,,,0,110,,4618,18,,,0,110,,4619,18,,,0,75,,4608,18,,,0,35,,4620,18,,,0,75,,4609,18,,,0,35,,4621,18,,,0,75,,4610,18,,,0,75,,4622,18,,,0,30,,4611,18,,,0,105,,4623,18,,,0,105,,4624,18,,,0,105,,4625,18,,,0,100,,4626,18,,,0
2900,'1',1116,,5192,21,,,0,105,,5193,21,,,0,105,,5194,21,,,0,105,,5195,21,,,0,105,,5196,21,,,0,105,,5197,21,,,0
2900,'2',1116,,5198,21,,,0,105,,5199,21,,,0,105,,5200,21,,,0,105,,5201,21,,,0,105,,5202,21,,,0,105,,5203,21,,,0
2900,'5',904,,5204,21,,,0,105,,5205,21,,,0,105,,5206,21,,,0,105,,5207,21,,,0,105,,5208,21,,,0,105,,5209,21,,,0,105,,5210,21,,,0,105,,5211,21,,,0,105,,5212,21,,,0,105,,5213,21,,,0,105,,5214,21,,,0
