900,'5',721,,4152,11,,,0,105,,4153,11,,,0,105,,4154,11,,,0,105,,4155,11,,,0,105,,4156,11,,,0,110,,4157,11,,,0,150,,4158,11,,,0,110,,4159,11,,,0,110,,4160,11,,,0,110,,4161,11,,,0
901,'5',703,,4162,35,,,0,105,,4163,35,,,0,105,,4164,35,,,0,105,,4165,35,,,0,105,,4166,35,,,0,105,,4167,35,,,0,110,,4168,35,,,0,110,,4169,35,,,0,110,,4170,35,,,0,150,,4171,35,,,0,110,,4172,35,,,0
1401,'1',807,,4543,26,,,0,105,,4544,26,,,0,105,,4545,26,,,0,105,,4546,26,,,0,105,,4547,26,,,0,105,,4548,26,,,0,105,,4549,26,,,0,105,,4550,26,,,0,105,,4551,26,,,0,105,,4552,26,,,0
1401,'2',1017,,4553,26,,,0,105,,4554,26,,,0,105,,4555,26,,,0,105,,4556,26,,,0,105,,4557,26,,,0,105,,4558,26,,,0,105,,4559,26,,,0
1401,'5',702,,4560,26,,,0,35,,4575,26,,,0,70,,4561,26,,,0,35,,4576,26,,,0,70,,4562,26,,,0,35,,4577,26,,,0,70,,4563,26,,,0,105,,4564,26,,,0,105,,4565,26,,,0,110,,4566,26,,,0,110,,4567,26,,,0,70,,4578,26,,,0,40,,4568,26,,,0,70,,4579,26,,,0,80,,4569,26,,,0,30,,4580,26,,,0,80,,4570,26,,,0,105,,4571,26,,,0,105,,4572,26,,,0,101,,4573,26,,,0,100,,4574,26,,,0
2300,'1',959,,5130,13,,,0,145,,5131,13,,,0,105,,5132,13,,,0,105,,5133,13,,,0,105,,5134,13,,,0,105,,5135,13,,,0,105,,5136,13,,,0,105,,5137,13,,,0
2300,'2',959,,5138,13,,,0,145,,5139,13,,,0,105,,5140,13,,,0,105,,5141,13,,,0,105,,5142,13,,,0,105,,5143,13,,,0,105,,5144,13,,,0
2300,'5',1829,,5155,13,,,0,105,,5156,13,,,0,105,,5157,13,,,0,102,,5158,13,,,0,100,,5159,13,,,0
2301,'1',1030,,5160,20,,,0,105,,5161,20,,,0,105,,5162,20,,,0,105,,5163,20,,,0,105,,5164,20,,,0,105,,5165,20,,,0,145,,5166,20,,,0,105,,5167,20,,,0
2301,'2',1030,,5168,20,,,0,105,,5169,20,,,0,105,,5170,20,,,0,105,,5171,20,,,0,105,,5172,20,,,0,105,,5173,20,,,0,145,,5174,20,,,0
2301,'5',1900,,5186,20,,,0,105,,5187,20,,,0,105,,5188,20,,,0,103,,5189,20,,,0,100,,5190,20,,,0
