100,'1',737,,3652,4,,,0,105,,3653,4,,,0,70,,3662,4,,,0,35,,3654,4,,,0,70,,3663,4,,,0,35,,3655,4,,,0,70,,3664,4,,,0,35,,3656,4,,,0,70,,3665,4,,,0,75,,3657,4,,,0,30,,3666,4,,,0,75,,3658,4,,,0,30,,3667,4,,,0,75,,3659,4,,,0,30,,3668,4,,,0,75,,3660,4,,,0,30,,3669,4,,,0,75,,3661,4,,,0,105,,3670,4,,,0,105,,3671,4,,,0,100,,3672,4,,,0,100,,3673,4,,,0,100,,3674,4,,,0,100,,3675,4,,,0
100,'2',842,,3676,4,,,0,105,,3677,4,,,0,105,,3678,4,,,0,105,,3679,4,,,0,145,,3680,4,,,0,105,,3681,4,,,0,105,,3682,4,,,0,105,,3683,4,,,0,105,,3684,4,,,0,105,,3685,4,,,0,105,,3686,4,,,0
100,'5',632,,3697,4,,,0,70,,3687,4,,,0,37,,3698,4,,,0,70,,3688,4,,,0,35,,3708,4,,,0,10,,3699,4,,,0,70,,3689,4,,,0,85,,3700,4,,,0,30,,3690,4,,,0,85,,3701,4,,,0,35,,3691,4,,,0,80,,3702,4,,,0,75,,3692,4,,,0,40,,3703,4,,,0,75,,3693,4,,,0,80,,3704,4,,,0,15,,3714,4,,,0,20,,3694,4,,,0,80,,3705,4,,,0,15,,3715,4,,,0,20,,3695,4,,,0,78,,3706,4,,,0,80,,3696,4,,,0,25,,3707,4,,,0,80,,3709,4,,,0,105,,3710,4,,,0,105,,3711,4,,,0,100,,3712,4,,,0,100,,3713,4,,,0
200,'1',738,,3782,4,,,0,105,,3790,4,,,0,70,,3798,4,,,0,35,,3783,4,,,0,70,,3804,4,,,0,35,,3791,4,,,0,70,,3799,4,,,0,35,,3784,4,,,0,70,,3805,4,,,0,75,,3792,4,,,0,30,,3800,4,,,0,75,,3785,4,,,0,30,,3806,4,,,0,75,,3793,4,,,0,30,,3801,4,,,0,75,,3786,4,,,0,30,,3807,4,,,0,75,,3794,4,,,0,30,,3802,4,,,0,75,,3787,4,,,0,30,,3808,4,,,0,75,,3795,4,,,0,70,,3803,4,,,0,30,,3788,4,,,0,100,,3796,4,,,0,100,,3789,4,,,0,100,,3797,4,,,0
200,'2',843,,3814,4,,,0,105,,3809,4,,,0,70,,3823,4,,,0,35,,3815,4,,,0,70,,3820,4,,,0,35,,3810,4,,,0,70,,3824,4,,,0,75,,3816,4,,,0,30,,3821,4,,,0,75,,3811,4,,,0,30,,3825,4,,,0,75,,3817,4,,,0,30,,3822,4,,,0,75,,3812,4,,,0,30,,3826,4,,,0,75,,3818,4,,,0,105,,3813,4,,,0,105,,3819,4,,,0
200,'5',633,,3850,4,,,0,70,,3835,4,,,0,35,,3843,4,,,0,70,,3827,4,,,0,35,,3851,4,,,0,70,,3836,4,,,0,35,,3844,4,,,0,70,,3828,4,,,0,35,,3852,4,,,0,70,,3837,4,,,0,35,,3845,4,,,0,75,,3829,4,,,0,15,,3858,4,,,0,60,,3853,4,,,0,35,,3838,4,,,0,15,,3861,4,,,0,60,,3846,4,,,0,35,,3830,4,,,0,55,,3859,4,,,0,20,,3854,4,,,0,75,,3839,4,,,0,15,,3862,4,,,0,20,,3847,4,,,0,75,,3831,4,,,0,15,,3860,4,,,0,20,,3855,4,,,0,70,,3840,4,,,0,35,,3848,4,,,0,70,,3832,4,,,0,35,,3856,4,,,0,70,,3841,4,,,0,75,,3849,4,,,0,30,,3833,4,,,0,70,,3857,4,,,0,30,,3842,4,,,0,100,,3834,4,,,0
300,'1',738,,3954,5,,,0,75,,3944,5,,,0,30,,3964,5,,,0,70,,3955,5,,,0,35,,3945,5,,,0,70,,3965,5,,,0,35,,3956,5,,,0,70,,3946,5,,,0,35,,3966,5,,,0,70,,3957,5,,,0,75,,3947,5,,,0,30,,3967,5,,,0,75,,3958,5,,,0,30,,3948,5,,,0,75,,3968,5,,,0,30,,3959,5,,,0,75,,3949,5,,,0,30,,3969,5,,,0
300,'5',633,,3993,5,,,0,70,,4004,5,,,0,35,,3986,5,,,0,70,,3994,5,,,0,35,,4005,5,,,0,70,,3987,5,,,0,35,,3995,5,,,0,70,,4006,5,,,0,35,,3988,5,,,0,70,,3996,5,,,0,35,,4007,5,,,0,75,,3989,5,,,0,75,,3997,5,,,0,35,,4008,5,,,0,75,,3990,5,,,0,35,,3998,5,,,0,75,,4009,5,,,0,75,,3991,5,,,0,35,,3999,5,,,0,75,,4010,5,,,0,35,,3992,5,,,0
600,'1',807,,4088,4,,,0,105,,4089,4,,,0,105,,4090,4,,,0,105,,4091,4,,,0,105,,4092,4,,,0,105,,4093,4,,,0,105,,4094,4,,,0,105,,4095,4,,,0,105,,4096,4,,,0,105,,4097,4,,,0,105,,4098,4,,,0
600,'2',912,,4099,4,,,0,105,,4100,4,,,0,105,,4101,4,,,0,105,,4102,4,,,0,105,,4103,4,,,0,105,,4104,4,,,0,105,,4105,4,,,0,105,,4106,4,,,0
600,'5',632,,4107,4,,,0,70,,4108,4,,,0,105,,4109,4,,,0,105,,4110,4,,,0,105,,4111,4,,,0,105,,4112,4,,,0,110,,4113,4,,,0,110,,4114,4,,,0,110,,4115,4,,,0,150,,4116,4,,,0,110,,4117,4,,,0,105,,4118,4,,,0,105,,4119,4,,,0
