100,'1',753,,3652,28,,,0,105,,3653,28,,,0,70,,3662,28,,,0,75,,3654,28,,,0,30,,3663,28,,,0,75,,3655,28,,,0,30,,3664,28,,,0,75,,3656,28,,,0,30,,3665,28,,,0,75,,3657,28,,,0,30,,3666,28,,,0,75,,3658,28,,,0,30,,3667,28,,,0,75,,3659,28,,,0,30,,3668,28,,,0,75,,3660,28,,,0,70,,3669,28,,,0,35,,3661,28,,,0,105,,3670,28,,,0,105,,3671,28,,,0,100,,3672,28,,,0,100,,3673,28,,,0,100,,3674,28,,,0,100,,3675,28,,,0
100,'2',858,,3676,28,,,0,145,,3677,28,,,0,105,,3678,28,,,0,105,,3679,28,,,0,105,,3680,28,,,0,105,,3681,28,,,0,105,,3682,28,,,0,105,,3683,28,,,0,105,,3684,28,,,0,105,,3685,28,,,0,105,,3686,28,,,0
100,'5',648,,3697,28,,,0,70,,3687,28,,,0,40,,3698,28,,,0,70,,3688,28,,,0,75,,3708,28,,,0,10,,3699,28,,,0,30,,3689,28,,,0,85,,3700,28,,,0,30,,3690,28,,,0,85,,3701,28,,,0,75,,3691,28,,,0,40,,3702,28,,,0,75,,3692,28,,,0,80,,3703,28,,,0,35,,3693,28,,,0,80,,3704,28,,,0,15,,3714,28,,,0,60,,3694,28,,,0,40,,3705,28,,,0,15,,3715,28,,,0,60,,3695,28,,,0,35,,3706,28,,,0,80,,3696,28,,,0,25,,3707,28,,,0,80,,3709,28,,,0,105,,3710,28,,,0,101,,3711,28,,,0,100,,3712,28,,,0,100,,3713,28,,,0
1001,'1',649,,4287,16,,,0,109,,4261,16,,,0,70,,4280,16,,,0,105,,4262,16,,,0,70,,4281,16,,,0,20,,4292,16,,,0,85,,4263,16,,,0,35,,4282,16,,,0,15,,4291,16,,,0,55,,4272,16,,,0,35,,4264,16,,,0,70,,4283,16,,,0,15,,4288,16,,,0,20,,4273,16,,,0,70,,4265,16,,,0,35,,4284,16,,,0,55,,4289,16,,,0,15,,4274,16,,,0,75,,4266,16,,,0,30,,4285,16,,,0,20,,4290,16,,,0,55,,4275,16,,,0,30,,4267,16,,,0,75,,4286,16,0,27 26,0,30,,4276,16,,,0,75,,4268,16,,,0,101,,4277,16,,,0,30,,4269,16,,,0,100,,4278,16,,,0,70,,4270,16,,,0,104,,4279,16,0,27 26,0,26,,4271,16,,,0
1001,'2',903,,4308,16,,,0,30,,4293,16,,,0,70,,4309,16,,,0,35,,4306,16,,,0,70,,4294,16,,,0,35,,4310,16,,,0,70,,4300,16,,,0,35,,4295,16,,,0,70,,4311,16,,,0,35,,4301,16,,,0,70,,4296,16,,,0,35,,4312,16,,,0,70,,4302,16,,,0,75,,4297,16,,,0,30,,4313,16,,,0,75,,4303,16,,,0,30,,4298,16,,,0,75,,4314,16,,,0,30,,4304,16,,,0,75,,4299,16,,,0,101,,4305,16,0,27 26,0
1001,'5',648,,4326,16,,,0,75,,4337,16,,,0,30,,4315,16,,,0,75,,4327,16,,,0,30,,4338,16,,,0,75,,4316,16,,,0,70,,4328,16,,,0,35,,4339,16,,,0,70,,4317,16,,,0,35,,4329,16,,,0,70,,4340,16,,,0,35,,4318,16,,,0,75,,4330,16,,,0,80,,4341,16,,,0,30,,4319,16,,,0,20,,4344,16,,,0,55,,4331,16,,,0,40,,4342,16,,,0,70,,4320,16,,,0,20,,4345,16,,,0,15,,4332,16,,,0,80,,4343,16,,,0,70,,4321,16,,,0,20,,4346,16,,,0,15,,4333,16,,,0,105,,4322,16,,,0,15,,4347,16,,,0,55,,4334,16,,,0,105,,4323,16,,,0,31,,4335,16,,,0,100,,4324,16,,,0,70,,4336,16,,,0,100,,4325,16,0,27 26,0
1300,'5',823,,4506,7,,,0
1601,'1',853,,4715,24,,,0,105,,4716,24,,,0,145,,4717,24,,,0,105,,4718,24,,,0,105,,4719,24,,,0,105,,4720,24,,,0,105,,4721,24,,,0,105,,4722,24,,,0,105,,4723,24,,,0,105,,4724,24,,,0,105,,4725,24,,,0,100,,4726,24,,,0,100,,4727,24,,,0,100,,4728,24,,,0
1601,'2',958,,4729,24,,,0,145,,4730,24,,,0,105,,4731,24,,,0,105,,4732,24,,,0,105,,4733,24,,,0,105,,4734,24,,,0,105,,4735,24,,,0,105,,4736,24,,,0
1601,'5',713,,4737,24,,,0,105,,4738,24,,,0,105,,4739,24,,,0,30,,4752,24,,,0,75,,4740,24,,,0,105,,4741,24,,,0,110,,4742,24,,,0,110,,4743,24,,,0,150,,4744,24,,,0,35,,4753,24,,,0,75,,4745,24,,,0,35,,4754,24,,,0,75,,4746,24,,,0,35,,4755,24,,,0,70,,4747,24,,,0,105,,4748,24,,,0,105,,4749,24,,,0,105,,4750,24,,,0,100,,4751,24,,,0
2600,'5',853,,5191,25,,,0
2901,'1',1045,,5215,19,,,0,105,,5216,19,,,0,105,,5217,19,,,0,145,,5218,19,,,0,105,,5219,19,,,0,105,,5220,19,,,0
2901,'2',1045,,5221,19,,,0,105,,5222,19,,,0,105,,5223,19,,,0,145,,5224,19,,,0,105,,5225,19,,,0,105,,5226,19,,,0
2901,'5',833,,5227,19,,,0,105,,5228,19,,,0,105,,5229,19,,,0,105,,5230,19,,,0,105,,5231,19,,,0,105,,5232,19,,,0,145,,5233,19,,,0,105,,5234,19,,,0,105,,5235,19,,,0,105,,5236,19,,,0,105,,5237,19,,,0
