200,'1',835,,3782,64,,,0,105,,3790,64,,,0,70,,3798,64,,,0,35,,3783,64,,,0,70,,3804,64,,,0,35,,3791,64,,,0,70,,3799,64,,,0,35,,3784,64,,,0,70,,3805,64,,,0,75,,3792,64,,,0,30,,3800,64,,,0,75,,3785,64,,,0,30,,3806,64,,,0,75,,3793,64,,,0,30,,3801,64,,,0,75,,3786,64,,,0,30,,3807,64,,,0,75,,3794,64,,,0,30,,3802,64,,,0,75,,3787,64,,,0,30,,3808,64,,,0,71,,3795,64,,,0,30,,3803,64,,,0,70,,3788,64,,,0,100,,3796,64,,,0,100,,3789,64,,,0,100,,3797,64,,,0
200,'2',940,,3814,64,,,0,105,,3809,64,,,0,70,,3823,64,,,0,35,,3815,64,,,0,70,,3820,64,,,0,35,,3810,64,,,0,70,,3824,64,,,0,75,,3816,64,,,0,30,,3821,64,,,0,75,,3811,64,,,0,30,,3825,64,,,0,75,,3817,64,,,0,30,,3822,64,,,0,75,,3812,64,,,0,30,,3826,64,,,0,75,,3818,64,,,0,105,,3813,64,,,0,101,,3819,64,,,0
200,'5',730,,3850,64,,,0,70,,3835,64,,,0,35,,3843,64,,,0,70,,3827,64,,,0,35,,3851,64,,,0,70,,3836,64,,,0,35,,3844,64,,,0,70,,3828,64,,,0,35,,3852,64,,,0,70,,3837,64,,,0,35,,3845,64,,,0,75,,3829,64,,,0,15,,3858,64,,,0,60,,3853,64,,,0,35,,3838,64,,,0,15,,3861,64,,,0,60,,3846,64,,,0,35,,3830,64,,,0,55,,3859,64,,,0,20,,3854,64,,,0,75,,3839,64,,,0,15,,3862,64,,,0,20,,3847,64,,,0,75,,3831,64,,,0,15,,3860,64,,,0,20,,3855,64,,,0,70,,3840,64,,,0,35,,3848,64,,,0,70,,3832,64,,,0,35,,3856,64,,,0,70,,3841,64,,,0,31,,3849,64,,,0,70,,3833,64,,,0,30,,3857,64,,,0,70,,3842,64,,,0,100,,3834,64,,,0
1101,'1',939,,4366,31,,,0,105,,4367,31,,,0,105,,4368,31,,,0,105,,4369,31,,,0,105,,4370,31,,,0,145,,4371,31,,,0,105,,4372,31,,,0,105,,4373,31,,,0,105,,4374,31,,,0
1101,'5',729,,4375,31,,,0,105,,4376,31,,,0,105,,4377,31,,,0,105,,4378,31,,,0,105,,4379,31,,,0,105,,4380,31,,,0,150,,4381,31,,,0,110,,4382,31,,,0,110,,4383,31,,,0,110,,4384,31,,,0,110,,4385,31,,,0
1200,'1',904,,4386,30,,,0,35,,4400,30,,,0,70,,4387,30,,,0,35,,4401,30,,,0,70,,4388,30,,,0,35,,4402,30,,,0,70,,4389,30,,,0,35,,4403,30,,,0,70,,4390,30,,,0,35,,4404,30,,,0,70,,4391,30,,,0,75,,4405,30,,,0,30,,4392,30,,,0,75,,4406,30,,,0,30,,4393,30,,,0,75,,4407,30,,,0,30,,4394,30,,,0,75,,4408,30,,,0,30,,4395,30,,,0,105,,4396,30,,,0,100,,4397,30,,,0,100,,4398,30,,,0,100,,4399,30,,,0
1200,'2',904,,4409,30,,,0,105,,4410,30,,,0,105,,4411,30,,,0,105,,4412,30,,,0,105,,4413,30,,,0,105,,4414,30,,,0,105,,4415,30,,,0,105,,4416,30,,,0,105,,4417,30,,,0,105,,4418,30,,,0,105,,4419,30,,,0
1200,'5',729,,4430,29,,,0,30,,4420,29,,,0,75,,4431,29,,,0,70,,4421,29,,,0,35,,4432,30,,,0,70,,4422,30,,,0,35,,4433,30,,,0,70,,4423,30,,,0,35,,4434,30,,,0,75,,4424,30,,,0,35,,4435,30,,,0,75,,4425,30,,,0,75,,4436,30,,,0,35,,4426,30,,,0,75,,4437,30,,,0,35,,4427,30,,,0,75,,4438,30,,,0,75,,4428,30,,,0,35,,4439,30,,,0,70,,4429,30,,,0,35,,4440,30,,,0,105,,4441,30,,,0,105,,4442,30,,,0,100,,4443,30,,,0,100,,4444,30,,,0,100,,4445,30,,,0
1900,'1',759,,4850,35,,,0,145,,4851,35,,,0,105,,4852,35,,,0,105,,4853,35,,,0,105,,4854,35,,,0,35,,4866,35,,,0,70,,4855,35,,,0,35,,4867,35,,,0,70,,4856,35,,,0,75,,4868,35,,,0,30,,4857,35,,,0,75,,4869,35,,,0,30,,4858,35,,,0,105,,4859,35,,,0,105,,4860,35,,,0,105,,4861,35,,,0,100,,4862,35,,,0,100,,4863,35,,,0,100,,4864,35,,,0,100,,4865,35,,,0
1900,'2',904,,4870,35,,,0,105,,4871,35,,,0,105,,4872,35,,,0,105,,4873,35,,,0,105,,4874,35,,,0,105,,4875,35,,,0,105,,4876,35,,,0,105,,4877,35,,,0,105,,4878,35,,,0,105,,4879,35,,,0,105,,4880,35,,,0
1900,'5',729,,4881,35,,,0,30,,4884,35,,,0,75,,4882,35,,,0,70,,4885,35,,,0,35,,4883,35,,,0,70,,4886,35,,,0,105,,4887,35,,,0,110,,4888,35,,,0,110,,4889,35,,,0,110,,4890,35,,,0,110,,4891,35,,,0,75,,4894,35,,,0,75,,4892,35,,,0,35,,4895,35,,,0,70,,4893,35,,,0,35,,4896,35,,,0,105,,4897,35,,,0,105,,4898,35,,,0,100,,4899,35,,,0,100,,4900,35,,,0,100,,4901,35,,,0
