201,'1',736,,3871,2,,,0,105,,3863,2,,,0,70,,3884,2,,,0,35,,3872,2,,,0,70,,3879,2,,,0,35,,3864,2,,,0,70,,3885,2,,,0,35,,3873,2,,,0,70,,3880,2,,,0,75,,3865,2,,,0,30,,3886,2,,,0,75,,3874,2,,,0,30,,3881,2,,,0,75,,3866,2,,,0,30,,3887,2,,,0,75,,3875,2,,,0,30,,3882,2,,,0,75,,3867,2,,,0,30,,3888,2,,,0,75,,3876,2,,,0,30,,3883,2,,,0,75,,3868,2,,,0,70,,3889,2,,,0,30,,3877,2,,,0,100,,3869,2,,,0,100,,3878,2,,,0,100,,3870,2,,,0
201,'2',841,,3890,2,,,0,105,,3896,2,,,0,70,,3901,2,,,0,35,,3891,2,,,0,70,,3905,2,,,0,35,,3897,2,,,0,70,,3902,2,,,0,75,,3892,2,,,0,30,,3906,2,,,0,75,,3898,2,,,0,30,,3903,2,,,0,75,,3893,2,,,0,30,,3907,2,,,0,75,,3899,2,,,0,30,,3904,2,,,0,75,,3894,2,,,0,105,,3900,2,,,0,105,,3895,2,,,0
201,'5',631,,3924,2,,,0,70,,3908,2,,,0,35,,3932,2,,,0,70,,3916,2,,,0,35,,3925,2,,,0,70,,3909,2,,,0,35,,3933,2,,,0,70,,3917,2,,,0,35,,3926,2,,,0,70,,3910,2,,,0,35,,3934,2,,,0,75,,3918,2,,,0,15,,3941,2,,,0,60,,3927,2,,,0,35,,3911,2,,,0,15,,3939,2,,,0,60,,3935,2,,,0,35,,3919,2,,,0,55,,3942,2,,,0,20,,3928,2,,,0,75,,3912,2,,,0,15,,3940,2,,,0,20,,3936,2,,,0,75,,3920,2,,,0,15,,3943,2,,,0,20,,3930,2,,,0,70,,3913,2,,,0,35,,3937,2,,,0,70,,3921,2,,,0,35,,3929,2,,,0,70,,3914,2,,,0,75,,3938,2,,,0,30,,3922,2,,,0,70,,3931,2,,,0,30,,3915,2,,,0,100,,3923,2,,,0
1600,'1',910,,4674,11,,,0,105,,4675,11,,,0,105,,4676,11,,,0,105,,4677,11,,,0,105,,4678,11,,,0,105,,4679,11,,,0,105,,4680,11,,,0,105,,4681,11,,,0,105,,4682,11,,,0,105,,4683,11,,,0,145,,4684,11,,,0,100,,4685,11,,,0,100,,4686,11,,,0,100,,4687,11,,,0
1600,'2',1015,,4695,11,,,0,105,,4688,11,,,0,105,,4689,11,,,0,105,,4690,11,,,0,105,,4691,11,,,0,105,,4692,11,,,0,105,,4693,11,,,0,105,,4694,11,,,0
1600,'5',735,,4696,11,,,0,105,,4697,11,,,0,70,,4710,11,,,0,35,,4698,11,,,0,105,,4699,11,,,0,105,,4700,11,,,0,150,,4701,11,,,0,110,,4702,11,,,0,35,,4711,11,,,0,75,,4703,11,,,0,75,,4712,11,,,0,35,,4704,11,,,0,75,,4713,11,,,0,35,,4705,11,,,0,70,,4714,11,,,0,35,,4706,11,,,0,105,,4707,11,,,0,145,,4708,11,,,0,100,,4709,11,,,0
1601,'1',840,,4715,18,,,0,105,,4716,18,,,0,105,,4717,18,,,0,105,,4718,18,,,0,145,,4719,18,,,0,105,,4720,18,,,0,105,,4721,18,,,0,105,,4722,18,,,0,105,,4723,18,,,0,105,,4724,18,,,0,105,,4725,18,,,0,100,,4726,18,,,0,100,,4727,18,,,0,100,,4728,18,,,0
1601,'2',945,,4729,18,,,0,105,,4730,18,,,0,105,,4731,18,,,0,145,,4732,18,,,0,105,,4733,18,,,0,105,,4734,18,,,0,105,,4735,18,,,0,105,,4736,18,,,0
1601,'5',700,,4737,18,,,0,105,,4738,18,,,0,105,,4739,18,,,0,30,,4752,18,,,0,75,,4740,18,,,0,105,,4741,18,,,0,110,,4742,18,,,0,110,,4743,18,,,0,110,,4744,18,,,0,75,,4753,18,,,0,75,,4745,18,,,0,35,,4754,18,,,0,75,,4746,18,,,0,35,,4755,18,,,0,70,,4747,18,,,0,105,,4748,18,,,0,105,,4749,18,,,0,105,,4750,18,,,0,100,,4751,18,,,0
3001,'1',840,,5256,2,,,0,105,,5257,2,,,0,105,,5258,2,,,0,105,,5259,2,,,0,145,,5260,2,,,0,105,,5261,2,,,0,105,,5262,2,,,0,105,,5263,2,,,0
3001,'5',640,,5268,2,,,0,95,,5264,2,,,0,105,,5270,2,,,0,105,,5271,2,,,0,105,,5272,2,,,0,105,,5273,2,,,0,85,,5275,2,,,0,100,,5274,2,,,0,110,,5265,2,,,0,150,,5266,2,,,0,110,,5267,2,,,0,105,,5269,2,,,0
