101,'1',808,,3716,4,,,0,105,,3717,4,,,0,30,,3726,4,,,0,75,,3718,4,,,0,30,,3727,4,,,0,75,,3719,4,,,0,30,,3728,4,,,0,75,,3720,4,,,0,30,,3729,4,,,0,75,,3721,4,,,0,70,,3730,4,,,0,35,,3722,4,,,0,70,,3731,4,,,0,35,,3723,4,,,0,70,,3732,4,,,0,35,,3724,4,,,0,70,,3733,4,,,0,35,,3725,4,,,0,105,,3734,4,,,0,143,,3735,4,,,0,100,,3736,4,,,0,100,,3737,4,,,0,100,,3738,4,,,0,100,,3739,4,,,0
101,'2',913,,3740,4,,,0,105,,3741,4,,,0,105,,3742,4,,,0,105,,3743,4,,,0,105,,3744,4,,,0,105,,3745,4,,,0,105,,3746,4,,,0,105,,3747,4,,,0,105,,3748,4,,,0,105,,3749,4,,,0,143,,3750,4,,,0
101,'5',631,,3751,4,,,0,72,,3762,4,,,0,30,,3752,4,,,0,84,,3763,4,,,0,30,,3753,4,,,0,75,,3774,4,,,0,10,,3764,4,,,0,70,,3754,4,,,0,45,,3765,4,,,0,70,,3755,4,,,0,85,,3766,4,,,0,35,,3756,4,,,0,80,,3767,4,,,0,35,,3757,4,,,0,80,,3768,4,,,0,75,,3758,4,,,0,40,,3769,4,,,0,55,,3780,4,,,0,20,,3759,4,,,0,80,,3770,4,,,0,15,,3781,4,,,0,20,,3760,4,,,0,71,,3771,4,,,0,40,,3761,4,,,0,65,,3772,4,,,0,40,,3775,4,,,0,105,,3776,4,,,0,143,,3777,4,,,0,100,,3778,4,,,0,101,,3779,4,,,0
900,'5',723,,4152,14,,,0,105,,4153,14,,,0,105,,4154,14,,,0,105,,4155,14,,,0,105,,4156,14,,,0,110,,4157,14,,,0,150,,4158,14,,,0,110,,4159,14,,,0,110,,4160,14,,,0,110,,4161,14,,,0
901,'5',706,,4162,38,,,0,105,,4163,38,,,0,105,,4164,38,,,0,105,,4165,38,,,0,105,,4166,38,,,0,105,,4167,38,,,0,110,,4168,38,,,0,110,,4169,38,,,0,150,,4170,38,,,0,110,,4171,38,,,0,110,,4172,38,,,0
1301,'5',842,,4507,4,,,0
1400,'1',831,,4508,9,,,0,105,,4509,9,,,0,105,,4510,9,,,0,105,,4511,9,,,0,105,,4512,9,,,0,105,,4513,9,,,0,145,,4514,9,,,0,105,,4515,9,,,0,105,,4516,9,,,0
1400,'2',936,,4517,9,,,0,105,,4518,9,,,0,105,,4519,9,,,0,105,,4520,9,,,0,105,,4521,9,,,0,145,,4522,9,,,0,105,,4523,9,,,0
1400,'5',726,,4524,9,,,0,75,,4538,9,,,0,30,,4525,9,,,0,75,,4539,9,,,0,30,,4526,9,,,0,105,,4527,9,,,0,105,,4528,9,,,0,110,,4529,9,,,0,150,,4530,9,,,0,30,,4540,9,,,0,80,,4531,9,,,0,30,,4541,9,,,0,80,,4532,9,,,0,30,,4542,9,,,0,80,,4533,9,,,0,105,,4534,9,,,0,105,,4535,9,,,0,105,,4536,9,,,0,100,,4537,9,,,0
1401,'1',812,,4543,30,,,0,105,,4544,30,,,0,105,,4545,30,,,0,105,,4546,30,,,0,105,,4547,30,,,0,105,,4548,30,,,0,105,,4549,30,,,0,105,,4550,30,,,0,105,,4551,30,,,0,105,,4552,30,,,0
1401,'2',1022,,4553,30,,,0,105,,4554,30,,,0,105,,4555,30,,,0,105,,4556,30,,,0,105,,4557,30,,,0,105,,4558,30,,,0,105,,4559,30,,,0
1401,'5',707,,4560,30,,,0,35,,4575,30,,,0,70,,4561,30,,,0,35,,4576,30,,,0,70,,4562,30,,,0,35,,4577,30,,,0,70,,4563,30,,,0,105,,4564,30,,,0,105,,4565,30,,,0,110,,4566,30,,,0,110,,4567,30,,,0,70,,4578,30,,,0,80,,4568,30,,,0,30,,4579,30,,,0,80,,4569,30,,,0,30,,4580,30,,,0,80,,4570,30,,,0,105,,4571,30,,,0,105,,4572,30,,,0,100,,4573,30,,,0,100,,4574,30,,,0
2300,'1',1001,,5130,16,,,0,105,,5131,16,,,0,105,,5132,16,,,0,105,,5133,16,,,0,105,,5134,16,,,0,105,,5135,16,,,0,105,,5136,16,,,0,105,,5137,16,,,0
2300,'2',1001,,5138,16,,,0,105,,5139,16,,,0,105,,5140,16,,,0,105,,5141,16,,,0,105,,5142,16,,,0,105,,5143,16,,,0,105,,5144,16,,,0
2300,'5',1831,,5155,16,,,0,105,,5156,16,,,0,105,,5157,16,,,0,102,,5158,16,,,0,100,,5159,16,,,0
2301,'1',1032,,5160,23,,,0,105,,5161,23,,,0,105,,5162,23,,,0,105,,5163,23,,,0,105,,5164,23,,,0,105,,5165,23,,,0,145,,5166,23,,,0,105,,5167,23,,,0
2301,'2',1032,,5168,23,,,0,105,,5169,23,,,0,105,,5170,23,,,0,105,,5171,23,,,0,105,,5172,23,,,0,105,,5173,23,,,0,145,,5174,23,,,0
2301,'5',1902,,5186,23,,,0,105,,5187,23,,,0,105,,5188,23,,,0,103,,5189,23,,,0,100,,5190,23,,,0
2900,'1',1101,,5192,6,,,0,105,,5193,6,,,0,105,,5194,6,,,0,105,,5195,6,,,0,105,,5196,6,,,0,105,,5197,6,,,0
2900,'2',1101,,5198,6,,,0,105,,5199,6,,,0,105,,5200,6,,,0,105,,5201,6,,,0,105,,5202,6,,,0,105,,5203,6,,,0
2900,'5',849,,5204,6,,,0,105,,5205,6,,,0,105,,5206,6,,,0,145,,5207,6,,,0,105,,5208,6,,,0,105,,5209,6,,,0,105,,5210,6,,,0,105,,5211,6,,,0,105,,5212,6,,,0,105,,5213,6,,,0,105,,5214,6,,,0
