201,'1',815,,3871,44,,,0,105,,3863,44,,,0,30,,3884,44,,,0,75,,3872,44,,,0,30,,3879,44,,,0,75,,3864,44,,,0,70,,3885,44,,,0,35,,3873,44,,,0,70,,3880,44,,,0,35,,3865,44,,,0,70,,3886,44,,,0,35,,3874,44,,,0,70,,3881,44,,,0,35,,3866,44,,,0,70,,3887,44,,,0,35,,3875,44,,,0,70,,3882,44,,,0,75,,3867,44,,,0,30,,3888,44,,,0,75,,3876,44,,,0,30,,3883,44,,,0,70,,3868,44,,,0,30,,3889,44,,,0,70,,3877,44,,,0,100,,3869,44,,,0,100,,3878,44,,,0,100,,3870,44,,,0
201,'2',920,,3890,44,,,0,105,,3896,44,,,0,30,,3901,44,,,0,75,,3891,44,,,0,70,,3905,44,,,0,35,,3897,44,,,0,70,,3902,44,,,0,35,,3892,44,,,0,70,,3906,44,,,0,35,,3898,44,,,0,70,,3903,44,,,0,35,,3893,44,,,0,70,,3907,44,,,0,35,,3899,44,,,0,70,,3904,44,,,0,75,,3894,44,,,0,105,,3900,44,,,0,100,,3895,44,,,0
201,'5',710,,3924,44,,,0,30,,3908,44,,,0,75,,3932,44,,,0,30,,3916,44,,,0,75,,3925,44,,,0,30,,3909,44,,,0,75,,3933,44,,,0,30,,3917,44,,,0,75,,3926,44,,,0,70,,3910,44,,,0,35,,3934,44,,,0,75,,3918,44,,,0,15,,3941,44,,,0,20,,3927,44,,,0,75,,3911,44,,,0,15,,3939,44,,,0,20,,3935,44,,,0,75,,3919,44,,,0,15,,3942,44,,,0,60,,3928,44,,,0,35,,3912,44,,,0,15,,3940,44,,,0,60,,3936,44,,,0,35,,3920,44,,,0,55,,3943,44,,,0,20,,3930,44,,,0,30,,3913,44,,,0,75,,3937,44,,,0,70,,3921,44,,,0,35,,3929,44,,,0,70,,3914,44,,,0,30,,3938,44,,,0,70,,3922,44,,,0,30,,3931,44,,,0,70,,3915,44,,,0,100,,3923,44,,,0
301,'1',845,,4025,26,,,0,75,,4015,26,,,0,30,,4035,26,,,0,75,,4026,26,,,0,30,,4016,26,,,0,75,,4036,26,,,0,70,,4027,26,,,0,35,,4017,26,,,0,70,,4037,26,,,0,35,,4028,26,,,0,70,,4018,26,,,0,35,,4038,26,,,0,70,,4029,26,,,0,35,,4019,26,,,0,70,,4039,26,,,0,35,,4030,26,,,0,70,,4020,26,,,0,75,,4040,26,,,0,30,,4031,26,,,0,75,,4021,26,,,0,30,,4041,26,,,0,70,,4032,26,,,0,30,,4022,26,,,0,100,,4033,26,,,0,70,,4023,26,,,0,100,,4034,26,,,0,30,,4024,26,,,0
301,'2',845,,4042,26,,,0,105,,4050,26,,,0,75,,4043,26,,,0,105,,4051,26,,,0,70,,4044,26,,,0,105,,4052,26,,,0,35,,4045,26,,,0,105,,4053,26,,,0,70,,4046,26,,,0,105,,4054,26,,,0,35,,4047,26,,,0,145,,4055,26,,,0,30,,4048,26,,,0,105,,4056,26,,,0,70,,4049,26,,,0
301,'5',710,,4058,26,,,0,30,,4066,26,,,0,75,,4077,26,,,0,30,,4059,26,,,0,75,,4067,26,,,0,30,,4078,26,,,0,75,,4060,26,,,0,30,,4068,26,,,0,75,,4079,26,,,0,70,,4061,26,,,0,35,,4069,26,,,0,75,,4080,26,,,0,30,,4062,26,,,0,80,,4070,26,,,0,35,,4081,26,,,0,75,,4063,26,,,0,75,,4071,26,,,0,35,,4082,26,,,0,75,,4064,26,,,0,35,,4072,26,,,0,75,,4083,26,,,0,23,,4065,26,,,0,82,,4073,26,,,0,70,,4084,26,,,0,105,,4074,26,,,0,30,,4085,26,,,0,100,,4075,26,,,0,70,,4086,26,,,0,100,,4076,26,,,0
1501,'1',915,,4627,10,,,0,105,,4628,10,,,0,105,,4629,10,,,0,105,,4630,10,,,0,105,,4631,10,,,0,105,,4632,10,,,0,105,,4633,10,,,0,105,,4634,10,,,0,105,,4635,10,,,0,145,,4636,10,,,0,103,,4637,10,,,0,100,,4638,10,,,0,100,,4639,10,,,0,100,,4640,10,,,0
1501,'2',915,,4641,10,,,0,105,,4642,10,,,0,105,,4643,10,,,0,105,,4644,10,,,0,105,,4645,10,,,0,105,,4646,10,,,0,105,,4647,10,,,0,105,,4648,10,,,0,105,,4649,10,,,0,145,,4650,10,,,0,103,,4651,10,,,0
1501,'5',633,,4652,10,,,0,72,,4659,10,,,0,30,,4653,10,,,0,75,,4660,10,,,0,30,,4654,10,,,0,75,,4661,10,,,0,105,,4662,10,,,0,105,,4663,10,,,0,105,,4664,10,,,0,110,,4665,10,,,0,110,,4666,10,,,0,75,,4655,10,,,0,75,,4667,10,,,0,35,,4656,10,,,0,75,,4668,10,,,0,35,,4657,10,,,0,75,,4669,10,,,0,30,,4658,10,,,0,105,,4670,10,,,0,145,,4671,10,,,0,103,,4672,10,,,0,100,,4673,10,,,0
2901,'1',1031,,5215,4,,,0,105,,5216,4,,,0,105,,5217,4,,,0,105,,5218,4,,,0,105,,5219,4,,,0,105,,5220,4,,,0
2901,'2',1031,,5221,4,,,0,105,,5222,4,,,0,105,,5223,4,,,0,105,,5224,4,,,0,105,,5225,4,,,0,105,,5226,4,,,0
2901,'5',819,,5227,4,,,0,105,,5228,4,,,0,105,,5229,4,,,0,105,,5230,4,,,0,105,,5231,4,,,0,105,,5232,4,,,0,105,,5233,4,,,0,105,,5234,4,,,0,105,,5235,4,,,0,145,,5236,4,,,0,105,,5237,4,,,0
