200,'1',756,,3782,24,,,0,145,,3790,24,,,0,30,,3798,24,,,0,75,,3783,24,,,0,30,,3804,24,,,0,75,,3791,24,,,0,30,,3799,24,,,0,75,,3784,24,,,0,30,,3805,24,,,0,75,,3792,24,,,0,30,,3800,24,,,0,75,,3785,24,,,0,30,,3806,24,,,0,75,,3793,24,,,0,70,,3801,24,,,0,35,,3786,24,,,0,70,,3807,24,,,0,35,,3794,24,,,0,70,,3802,24,,,0,35,,3787,24,,,0,70,,3808,24,,,0,33,,3795,24,,,0,70,,3803,24,,,0,30,,3788,24,,,0,100,,3796,24,,,0,100,,3789,24,,,0,100,,3797,24,,,0
200,'2',901,,3814,24,,,0,105,,3809,24,,,0,30,,3823,24,,,0,75,,3815,24,,,0,30,,3820,24,,,0,75,,3810,24,,,0,30,,3824,24,,,0,75,,3816,24,,,0,30,,3821,24,,,0,75,,3811,24,,,0,30,,3825,24,,,0,75,,3817,24,,,0,70,,3822,24,,,0,35,,3812,24,,,0,70,,3826,24,,,0,35,,3818,24,,,0,105,,3813,24,,,0,103,,3819,24,,,0
200,'5',651,,3850,24,,,0,70,,3835,24,,,0,35,,3843,24,,,0,70,,3827,24,,,0,75,,3851,24,,,0,30,,3836,24,,,0,75,,3844,24,,,0,30,,3828,24,,,0,75,,3852,24,,,0,30,,3837,24,,,0,75,,3845,24,,,0,35,,3829,24,,,0,55,,3858,24,,,0,20,,3853,24,,,0,75,,3838,24,,,0,15,,3861,24,,,0,20,,3846,24,,,0,75,,3830,24,,,0,15,,3859,24,,,0,20,,3854,24,,,0,75,,3839,24,,,0,15,,3862,24,,,0,20,,3847,24,,,0,75,,3831,24,,,0,15,,3860,24,,,0,60,,3855,24,,,0,30,,3840,24,,,0,75,,3848,24,,,0,30,,3832,24,,,0,75,,3856,24,,,0,30,,3841,24,,,0,73,,3849,24,,,0,30,,3833,24,,,0,70,,3857,24,,,0,30,,3842,24,,,0,100,,3834,24,,,0
300,'1',756,,3954,25,,,0,75,,3944,25,,,0,70,,3964,25,,,0,30,,3955,25,,,0,75,,3945,25,,,0,30,,3965,25,,,0,75,,3956,25,,,0,30,,3946,25,,,0,75,,3966,25,,,0,30,,3957,25,,,0,75,,3947,25,,,0,30,,3967,25,,,0,75,,3958,25,,,0,30,,3948,25,,,0,75,,3968,25,,,0,70,,3959,25,,,0,35,,3949,25,,,0,70,,3969,25,,,0,35,,3960,34,,,0,70,,3950,34,,,0,35,,3970,34,,,0,70,,3961,34,,,0,33,,3951,34,,,0,100,,3962,34,,,0,70,,3952,34,,,0,100,,3963,34,,,0,30,,3953,34,,,0
300,'2',901,,3978,34,,,0,30,,3971,34,,,0,105,,3979,34,,,0,75,,3972,34,,,0,105,,3980,34,,,0,30,,3973,34,,,0,105,,3981,34,,,0,75,,3974,34,,,0,105,,3982,34,,,0,70,,3975,34,,,0,105,,3983,34,,,0,35,,3976,34,,,0,105,,3984,34,,,0,70,,3977,34,,,0,105,,3985,34,,,0
300,'5',651,,3993,25,,,0,70,,4004,25,,,0,35,,3986,25,,,0,70,,3994,25,,,0,75,,4005,25,,,0,30,,3987,25,,,0,75,,3995,25,,,0,30,,4006,25,,,0,75,,3988,25,,,0,30,,3996,25,,,0,75,,4007,25,,,0,35,,3989,25,,,0,75,,3997,25,,,0,75,,4008,25,,,0,35,,3990,25,,,0,75,,3998,25,,,0,35,,4009,25,,,0,75,,3991,25,,,0,35,,3999,25,,,0,75,,4010,25,,,0,75,,3992,25,,,0,30,,4000,34,,,0,75,,4011,34,,,0,105,,4001,34,,,0,30,,4012,34,,,0,103,,4002,34,,,0,70,,4013,34,,,0,100,,4003,34,,,0,30,,4014,34,,,0
1500,'1',901,,4581,22,,,0,105,,4582,22,,,0,105,,4583,22,,,0,105,,4584,22,,,0,105,,4585,22,,,0,105,,4586,22,,,0,105,,4587,22,,,0,105,,4588,22,,,0,105,,4589,22,,,0,105,,4590,22,,,0,105,,4591,22,,,0,100,,4592,22,,,0,100,,4593,22,,,0,100,,4594,22,,,0
1500,'2',901,,4595,22,,,0,105,,4596,22,,,0,105,,4597,22,,,0,105,,4598,22,,,0,105,,4599,22,,,0,105,,4600,22,,,0,105,,4601,22,,,0,105,,4602,22,,,0,105,,4603,22,,,0,105,,4604,22,,,0,105,,4605,22,,,0
1500,'5',651,,4612,22,,,0,70,,4606,22,,,0,35,,4613,22,,,0,70,,4607,22,,,0,75,,4614,22,,,0,105,,4615,22,,,0,105,,4616,22,,,0,105,,4617,22,,,0,110,,4618,22,,,0,110,,4619,22,,,0,75,,4608,22,,,0,35,,4620,22,,,0,75,,4609,22,,,0,35,,4621,22,,,0,75,,4610,22,,,0,75,,4622,22,,,0,30,,4611,22,,,0,105,,4623,22,,,0,105,,4624,22,,,0,105,,4625,22,,,0,100,,4626,22,,,0
2900,'1',1120,,5192,25,,,0,105,,5193,25,,,0,105,,5194,25,,,0,105,,5195,25,,,0,105,,5196,25,,,0,105,,5197,25,,,0
2900,'2',1120,,5198,25,,,0,105,,5199,25,,,0,105,,5200,25,,,0,105,,5201,25,,,0,105,,5202,25,,,0,105,,5203,25,,,0
2900,'5',908,,5204,25,,,0,105,,5205,25,,,0,105,,5206,25,,,0,105,,5207,25,,,0,105,,5208,25,,,0,105,,5209,25,,,0,105,,5210,25,,,0,105,,5211,25,,,0,105,,5212,25,,,0,105,,5213,25,,,0,105,,5214,25,,,0
