1001,'1',654,,4287,21,,,0,150,,4261,21,,,0,30,,4280,21,,,0,105,,4262,21,,,0,70,,4281,21,,,0,20,,4292,21,,,0,85,,4263,21,,,0,35,,4282,21,,,0,55,,4291,21,,,0,15,,4272,21,,,0,35,,4264,21,,,0,70,,4283,21,,,0,15,,4288,21,,,0,20,,4273,21,,,0,70,,4265,21,,,0,75,,4284,21,,,0,15,,4289,21,,,0,15,,4274,21,,,0,75,,4266,21,,,0,30,,4285,21,,,0,20,,4290,21,,,0,55,,4275,21,,,0,30,,4267,21,,,0,75,,4286,21,0,27 26,0,30,,4276,21,,,0,75,,4268,21,,,0,100,,4277,21,,,0,30,,4269,21,,,0,100,,4278,21,,,0,70,,4270,21,,,0,105,,4279,21,0,27 26,0,25,,4271,21,,,0
1001,'2',909,,4308,21,,,0,30,,4293,21,,,0,70,,4309,21,,,0,35,,4306,21,,,0,70,,4294,21,,,0,35,,4310,21,,,0,70,,4300,21,,,0,35,,4295,21,,,0,70,,4311,21,,,0,35,,4301,21,,,0,70,,4296,21,,,0,75,,4312,21,,,0,30,,4302,21,,,0,75,,4297,21,,,0,30,,4313,21,,,0,75,,4303,21,,,0,30,,4298,21,,,0,75,,4314,21,,,0,30,,4304,21,,,0,75,,4299,21,,,0,100,,4305,21,0,27 26,0
1001,'5',654,,4326,21,,,0,75,,4337,21,,,0,30,,4315,21,,,0,75,,4327,21,,,0,70,,4338,21,,,0,35,,4316,21,,,0,70,,4328,21,,,0,35,,4339,21,,,0,70,,4317,21,,,0,35,,4329,21,,,0,72,,4340,21,,,0,35,,4318,21,,,0,75,,4330,21,,,0,78,,4341,21,,,0,32,,4319,21,,,0,60,,4344,21,,,0,15,,4331,21,,,0,38,,4342,21,,,0,72,,4320,21,,,0,20,,4345,21,,,0,55,,4332,21,,,0,38,,4343,21,,,0,70,,4321,21,,,0,20,,4346,21,,,0,15,,4333,21,,,0,105,,4322,21,,,0,55,,4347,21,,,0,15,,4334,21,,,0,105,,4323,21,,,0,30,,4335,21,,,0,100,,4324,21,,,0,70,,4336,21,,,0,100,,4325,21,0,27 26,0
1501,'1',934,,4627,26,,,0,105,,4628,26,,,0,105,,4629,26,,,0,105,,4630,26,,,0,105,,4631,26,,,0,105,,4632,26,,,0,145,,4633,26,,,0,105,,4634,26,,,0,105,,4635,26,,,0,105,,4636,26,,,0,100,,4637,26,,,0,100,,4638,26,,,0,100,,4639,26,,,0,100,,4640,26,,,0
1501,'2',934,,4641,26,,,0,105,,4642,26,,,0,105,,4643,26,,,0,105,,4644,26,,,0,105,,4645,26,,,0,105,,4646,26,,,0,145,,4647,26,,,0,105,,4648,26,,,0,105,,4649,26,,,0,105,,4650,26,,,0,100,,4651,26,,,0
1501,'5',649,,4652,26,,,0,75,,4659,26,,,0,30,,4653,26,,,0,75,,4660,26,,,0,30,,4654,26,,,0,75,,4661,26,,,0,105,,4662,26,,,0,105,,4663,26,,,0,105,,4664,26,,,0,110,,4665,26,,,0,150,,4666,26,,,0,35,,4655,26,,,0,75,,4667,26,,,0,35,,4656,26,,,0,75,,4668,26,,,0,75,,4657,26,,,0,35,,4669,26,,,0,70,,4658,26,,,0,105,,4670,26,,,0,105,,4671,26,,,0,100,,4672,26,,,0,100,,4673,26,,,0
1600,'1',857,,4674,5,,,0,145,,4675,5,,,0,105,,4676,5,,,0,105,,4677,5,,,0,105,,4678,5,,,0,105,,4679,5,,,0,105,,4680,5,,,0,105,,4681,5,,,0,105,,4682,5,,,0,105,,4683,5,,,0,105,,4684,5,,,0,100,,4685,5,,,0,100,,4686,5,,,0,100,,4687,5,,,0
1600,'2',1002,,4695,5,,,0,105,,4688,5,,,0,105,,4689,5,,,0,105,,4690,5,,,0,105,,4691,5,,,0,105,,4692,5,,,0,105,,4693,5,,,0,105,,4694,5,,,0
1600,'5',718,,4696,5,,,0,105,,4697,5,,,0,34,,4710,5,,,0,71,,4698,5,,,0,105,,4699,5,,,0,105,,4700,5,,,0,110,,4701,5,,,0,110,,4702,5,,,0,75,,4711,5,,,0,75,,4703,5,,,0,35,,4712,5,,,0,75,,4704,5,,,0,35,,4713,5,,,0,75,,4705,5,,,0,74,,4714,5,,,0,31,,4706,5,,,0,105,,4707,5,,,0,105,,4708,5,,,0,104,,4709,5,,,0
2301,'1',1043,,5160,30,,,0,105,,5161,30,,,0,105,,5162,30,,,0,105,,5163,30,,,0,145,,5164,30,,,0,105,,5165,30,,,0,105,,5166,30,,,0,105,,5167,30,,,0
2301,'2',1043,,5168,30,,,0,105,,5169,30,,,0,105,,5170,30,,,0,105,,5171,30,,,0,145,,5172,30,,,0,105,,5173,30,,,0,105,,5174,30,,,0
2301,'5',655,,5175,18,,,0,145,,5176,18,,,0,105,,5177,18,,,0,105,,5178,18,,,0,105,,5179,18,,,0,105,,5180,18,,,0,110,,5181,18,,,0,110,,5182,18,,,0,110,,5183,18,,,0,150,,5184,18,,,0,110,,5185,18,,,0,103,,5186,30,,,0,105,,5187,30,,,0,105,,5188,30,,,0,102,,5189,30,,,0,100,,5190,30,,,0
