200,'1',840,,3782,65,4,,0,105,,3790,65,4,,0,70,,3798,65,4,,0,35,,3783,65,4,,0,70,,3804,65,4,,0,35,,3791,65,4,,0,70,,3799,65,4,,0,75,,3784,65,4,,0,30,,3805,65,4,,0,75,,3792,65,4,,0,30,,3800,65,4,,0,75,,3785,65,4,,0,30,,3806,65,4,,0,75,,3793,65,4,,0,30,,3801,65,4,,0,75,,3786,65,4,,0,30,,3807,65,4,,0,75,,3794,65,4,,0,30,,3802,65,4,,0,75,,3787,65,4,,0,70,,3808,65,4,,0,30,,3795,65,4,,0,70,,3803,65,4,,0,30,,3788,65,4,,0,100,,3796,65,4,,0,100,,3789,65,4,,0,100,,3797,65,4,,0
200,'2',945,,3814,65,4,,0,105,,3809,65,4,,0,70,,3823,65,4,,0,35,,3815,65,4,,0,70,,3820,65,4,,0,75,,3810,65,4,,0,30,,3824,65,4,,0,75,,3816,65,4,,0,30,,3821,65,4,,0,75,,3811,65,4,,0,30,,3825,65,4,,0,75,,3817,65,4,,0,30,,3822,65,4,,0,75,,3812,65,4,,0,30,,3826,65,4,,0,75,,3818,65,4,,0,105,,3813,65,4,,0,100,,3819,65,4,,0
200,'5',735,,3850,65,4,,0,70,,3835,65,4,,0,35,,3843,65,4,,0,70,,3827,65,4,,0,35,,3851,65,4,,0,70,,3836,65,4,,0,35,,3844,65,4,,0,70,,3828,65,4,,0,35,,3852,65,4,,0,70,,3837,65,4,,0,75,,3845,65,4,,0,35,,3829,65,4,,0,15,,3858,65,4,,0,60,,3853,65,4,,0,35,,3838,65,4,,0,55,,3861,65,4,,0,20,,3846,65,4,,0,35,,3830,65,4,,0,55,,3859,65,4,,0,20,,3854,65,4,,0,75,,3839,65,4,,0,15,,3862,65,4,,0,20,,3847,65,4,,0,75,,3831,65,4,,0,15,,3860,65,4,,0,20,,3855,65,4,,0,70,,3840,65,4,,0,35,,3848,65,4,,0,70,,3832,65,4,,0,75,,3856,65,4,,0,30,,3841,65,4,,0,70,,3849,65,4,,0,30,,3833,65,4,,0,70,,3857,65,4,,0,30,,3842,65,4,,0,100,,3834,65,4,,0
201,'1',735,,3871,1,,,0,105,,3863,1,,,0,70,,3884,1,,,0,35,,3872,1,,,0,70,,3879,1,,,0,35,,3864,1,,,0,70,,3885,1,,,0,35,,3873,1,,,0,70,,3880,1,,,0,75,,3865,1,,,0,30,,3886,1,,,0,75,,3874,1,,,0,30,,3881,1,,,0,75,,3866,1,,,0,30,,3887,1,,,0,75,,3875,1,,,0,30,,3882,1,,,0,75,,3867,1,,,0,30,,3888,1,,,0,75,,3876,1,,,0,30,,3883,1,,,0,75,,3868,1,,,0,70,,3889,1,,,0,30,,3877,1,,,0,100,,3869,1,,,0,100,,3878,1,,,0,100,,3870,1,,,0
201,'2',840,,3890,1,,,0,105,,3896,1,,,0,70,,3901,1,,,0,35,,3891,1,,,0,70,,3905,1,,,0,35,,3897,1,,,0,70,,3902,1,,,0,75,,3892,1,,,0,30,,3906,1,,,0,75,,3898,1,,,0,30,,3903,1,,,0,75,,3893,1,,,0,30,,3907,1,,,0,75,,3899,1,,,0,30,,3904,1,,,0,75,,3894,1,,,0,105,,3900,1,,,0,105,,3895,1,,,0
201,'5',630,,3924,1,,,0,70,,3908,1,,,0,35,,3932,1,,,0,70,,3916,1,,,0,35,,3925,1,,,0,70,,3909,1,,,0,35,,3933,1,,,0,70,,3917,1,,,0,35,,3926,1,,,0,70,,3910,1,,,0,35,,3934,1,,,0,75,,3918,1,,,0,15,,3941,1,,,0,60,,3927,1,,,0,35,,3911,1,,,0,15,,3939,1,,,0,60,,3935,1,,,0,35,,3919,1,,,0,55,,3942,1,,,0,20,,3928,1,,,0,75,,3912,1,,,0,15,,3940,1,,,0,20,,3936,1,,,0,75,,3920,1,,,0,15,,3943,1,,,0,20,,3930,1,,,0,70,,3913,1,,,0,35,,3937,1,,,0,70,,3921,1,,,0,35,,3929,1,,,0,70,,3914,1,,,0,75,,3938,1,,,0,30,,3922,1,,,0,70,,3931,1,,,0,30,,3915,1,,,0,100,,3923,1,,,0
1000,'1',705,,4173,16,,,0,30,,4192,16,,,0,105,,4174,16,,,0,70,,4193,16,,,0,105,,4175,16,,,0,35,,4194,16,,,0,55,,4203,16,,,0,15,,4184,16,,,0,35,,4176,16,,,0,70,,4195,16,,,0,15,,4200,16,,,0,60,,4185,16,,,0,30,,4177,16,,,0,75,,4196,16,,,0,10,,4201,16,,,0,20,,4186,16,,,0,75,,4178,16,,,0,30,,4197,16,,,0,15,,4202,16,,,0,60,,4187,16,,,0,30,,4179,16,,,0,75,,4198,16,,,0,30,,4188,16,,,0,75,,4180,16,,,0,105,,4189,16,,,0,70,,4181,16,,,0,100,,4190,16,,,0,30,,4182,16,,,0,100,,4191,16,,,0,70,,4183,16,,,0
1000,'2',840,,4205,16,,,0,105,,4219,16,,,0,70,,4206,16,,,0,35,,4222,16,,,0,70,,4213,16,,,0,35,,4207,16,,,0,70,,4223,16,,,0,75,,4214,16,,,0,30,,4208,16,,,0,75,,4224,16,,,0,30,,4215,16,,,0,75,,4209,16,,,0,30,,4225,16,,,0,75,,4216,16,,,0,30,,4210,16,,,0,75,,4226,16,,,0,30,,4217,16,,,0,75,,4211,16,,,0,105,,4218,16,,,0,70,,4212,16,,,0
1000,'5',630,,4249,16,,,0,70,,4227,16,,,0,35,,4239,16,,,0,70,,4250,16,,,0,35,,4228,16,,,0,70,,4240,16,,,0,35,,4251,16,,,0,70,,4229,16,,,0,35,,4241,16,,,0,70,,4252,16,,,0,35,,4230,16,,,0,75,,4242,16,,,0,75,,4253,16,,,0,35,,4231,16,,,0,15,,4260,16,,,0,60,,4243,16,,,0,35,,4254,16,,,0,75,,4238,16,,,0,20,,4257,16,,,0,55,,4244,16,,,0,35,,4255,16,,,0,75,,4232,16,,,0,20,,4258,16,,,0,15,,4245,16,,,0,65,,4256,16,4,,0,40,,4233,16,,,0,55,,4259,16,,,0,15,,4246,16,,,0,105,,4234,16,,,0,75,,4247,16,,,0,100,,4235,3,,,0,30,,4248,16,,,0,100,,4236,16,,,0
1001,'1',700,,4287,22,,,0,110,,4261,22,,,0,30,,4280,22,,,0,105,,4262,22,,,0,70,,4281,22,,,0,20,,4292,22,,,0,85,,4263,22,,,0,35,,4282,22,,,0,55,,4291,22,,,0,15,,4272,22,,,0,75,,4264,22,,,0,30,,4283,22,,,0,15,,4288,22,,,0,60,,4273,22,,,0,30,,4265,22,,,0,75,,4284,22,,,0,15,,4289,22,,,0,15,,4274,22,,,0,75,,4266,22,,,0,30,,4285,22,,,0,60,,4290,22,,,0,15,,4275,22,,,0,30,,4267,22,,,0,75,,4286,22,4,,0,30,,4276,22,,,0,75,,4268,22,,,0,100,,4277,22,,,0,70,,4269,22,,,0,100,,4278,22,,,0,30,,4270,22,,,0,105,,4279,22,4,,0,65,,4271,22,,,0
1001,'2',915,,4308,22,,,0,30,,4293,22,,,0,70,,4309,22,,,0,35,,4306,22,,,0,70,,4294,22,,,0,35,,4310,22,,,0,70,,4300,22,,,0,75,,4295,22,,,0,30,,4311,22,,,0,75,,4301,22,,,0,30,,4296,22,,,0,75,,4312,22,,,0,30,,4302,22,,,0,75,,4297,22,,,0,30,,4313,22,,,0,75,,4303,22,,,0,30,,4298,22,,,0,75,,4314,22,,,0,30,,4304,22,,,0,75,,4299,22,,,0,100,,4305,22,4,,0
1001,'5',700,,4326,22,,,0,35,,4337,22,,,0,70,,4315,22,,,0,35,,4327,22,,,0,70,,4338,22,,,0,35,,4316,22,,,0,70,,4328,22,,,0,35,,4339,22,,,0,70,,4317,22,,,0,35,,4329,22,,,0,75,,4340,22,,,0,75,,4318,22,,,0,35,,4330,22,,,0,75,,4341,22,,,0,35,,4319,22,,,0,60,,4344,22,,,0,15,,4331,22,,,0,75,,4342,22,,,0,35,,4320,22,,,0,20,,4345,22,,,0,55,,4332,22,,,0,35,,4343,22,,,0,70,,4321,22,,,0,20,,4346,22,,,0,15,,4333,22,,,0,105,,4322,22,,,0,55,,4347,22,,,0,15,,4334,22,,,0,105,,4323,22,,,0,70,,4335,22,,,0,100,,4324,22,,,0,30,,4336,22,,,0,100,,4325,22,4,,0
1100,'1',945,,4348,1,,,0,105,,4349,1,,,0,105,,4350,1,,,0,145,,4351,1,,,0,105,,4352,1,,,0,105,,4353,1,,,0,105,,4354,1,,,0,105,,4355,1,,,0
1100,'5',735,,4356,1,,,0,105,,4357,1,,,0,105,,4358,1,,,0,105,,4359,1,,,0,105,,4360,1,,,0,150,,4361,1,,,0,110,,4362,1,,,0,110,,4363,1,,,0,110,,4364,1,,,0,110,,4365,1,,,0
1101,'1',945,,4366,32,4,,0,105,,4367,32,4,,0,105,,4368,32,4,,0,145,,4369,32,4,,0,105,,4370,32,4,,0,105,,4371,32,4,,0,105,,4372,32,4,,0,105,,4373,32,4,,0,105,,4374,32,4,,0
1101,'5',735,,4375,32,4,,0,105,,4376,32,4,,0,105,,4377,32,4,,0,105,,4378,32,4,,0,105,,4379,32,4,,0,145,,4380,32,4,,0,110,,4381,32,4,,0,110,,4382,32,4,,0,110,,4383,32,4,,0,110,,4384,32,4,,0,110,,4385,32,4,,0
1200,'1',910,,4386,31,4,,0,35,,4400,31,4,,0,70,,4387,31,4,,0,35,,4401,31,4,,0,70,,4388,31,4,,0,35,,4402,31,4,,0,70,,4389,31,4,,0,75,,4403,31,4,,0,30,,4390,31,4,,0,75,,4404,31,4,,0,30,,4391,31,4,,0,75,,4405,31,4,,0,30,,4392,31,4,,0,75,,4406,31,4,,0,30,,4393,31,4,,0,75,,4407,31,4,,0,30,,4394,31,4,,0,75,,4408,31,4,,0,30,,4395,31,4,,0,145,,4396,31,4,,0,100,,4397,31,4,,0,100,,4398,31,4,,0,100,,4399,31,4,,0
1200,'2',910,,4409,31,4,,0,105,,4410,31,4,,0,105,,4411,31,4,,0,105,,4412,31,4,,0,105,,4413,31,4,,0,105,,4414,31,4,,0,105,,4415,31,4,,0,105,,4416,31,4,,0,105,,4417,31,4,,0,105,,4418,31,4,,0,145,,4419,31,4,,0
1200,'5',735,,4430,30,4,,0,70,,4420,30,4,,0,35,,4431,30,4,,0,70,,4421,30,4,,0,35,,4432,31,4,,0,70,,4422,31,4,,0,35,,4433,31,4,,0,70,,4423,31,4,,0,35,,4434,31,4,,0,75,,4424,31,4,,0,75,,4435,31,4,,0,35,,4425,31,4,,0,75,,4436,31,4,,0,35,,4426,31,4,,0,75,,4437,31,4,,0,75,,4427,31,4,,0,35,,4438,31,4,,0,75,,4428,31,4,,0,35,,4439,31,4,,0,70,,4429,31,4,,0,35,,4440,31,4,,0,105,,4441,31,4,,0,145,,4442,31,4,,0,100,,4443,31,4,,0,100,,4444,31,4,,0,100,,4445,31,4,,0
1201,'1',840,,4460,1,,,0,70,,4446,1,,,0,35,,4461,1,,,0,70,,4447,1,,,0,35,,4462,1,,,0,70,,4448,1,,,0,35,,4463,1,,,0,70,,4449,1,,,0,75,,4464,1,,,0,30,,4450,1,,,0,75,,4465,1,,,0,30,,4451,1,,,0,75,,4466,1,,,0,30,,4452,1,,,0,75,,4467,1,,,0,30,,4453,1,,,0,75,,4468,1,,,0,30,,4454,1,,,0,75,,4469,1,,,0,30,,4455,1,,,0,145,,4456,1,,,0,100,,4457,1,,,0,100,,4458,1,,,0,100,,4459,1,,,0
1201,'2',910,,4470,1,,,0,105,,4471,1,,,0,105,,4472,1,,,0,105,,4473,1,,,0,105,,4474,1,,,0,105,,4475,1,,,0,105,,4476,1,,,0,105,,4477,1,,,0,105,,4478,1,,,0,105,,4479,1,,,0,145,,4480,1,,,0
1201,'5',700,,4481,1,,,0,35,,4491,1,,,0,70,,4482,1,,,0,35,,4492,1,,,0,70,,4483,1,,,0,35,,4493,1,,,0,70,,4484,1,,,0,35,,4494,1,,,0,70,,4485,1,,,0,35,,4495,1,,,0,75,,4486,1,,,0,75,,4496,1,,,0,35,,4487,1,,,0,75,,4497,1,,,0,35,,4488,1,,,0,75,,4498,1,,,0,75,,4489,1,,,0,35,,4499,1,,,0,75,,4490,1,,,0,35,,4500,1,,,0,105,,4501,1,,,0,105,,4502,1,,,0,145,,4503,1,,,0,100,,4504,1,,,0,100,,4505,1,,,0
1500,'1',840,,4581,1,,,0,105,,4582,1,,,0,105,,4583,1,,,0,105,,4584,1,,,0,145,,4585,1,,,0,105,,4586,1,,,0,105,,4587,1,,,0,105,,4588,1,,,0,105,,4589,1,,,0,105,,4590,1,,,0,105,,4591,1,,,0,100,,4592,1,,,0,100,,4593,1,,,0,100,,4594,1,,,0
1500,'2',840,,4595,1,,,0,105,,4596,1,,,0,105,,4597,1,,,0,105,,4598,1,,,0,145,,4599,1,,,0,105,,4600,1,,,0,105,,4601,1,,,0,105,,4602,1,,,0,105,,4603,1,,,0,105,,4604,1,,,0,105,,4605,1,,,0
1500,'5',630,,4612,1,,,0,70,,4606,1,,,0,35,,4613,1,,,0,70,,4607,1,,,0,35,,4614,1,,,0,105,,4615,1,,,0,105,,4616,1,,,0,105,,4617,1,,,0,150,,4618,1,,,0,110,,4619,1,,,0,35,,4608,1,,,0,75,,4620,1,,,0,75,,4609,1,,,0,35,,4621,1,,,0,75,,4610,1,,,0,35,,4622,1,,,0,70,,4611,1,,,0,105,,4623,1,,,0,105,,4624,1,,,0,105,,4625,1,,,0,100,,4626,1,,,0
1501,'1',945,,4627,32,4,,0,105,,4628,32,4,,0,105,,4629,32,4,,0,145,,4630,32,4,,0,105,,4631,32,4,,0,105,,4632,32,4,,0,105,,4633,32,4,,0,105,,4634,32,4,,0,105,,4635,32,4,,0,105,,4636,32,4,,0,100,,4637,32,4,,0,100,,4638,32,4,,0,100,,4639,32,4,,0,100,,4640,32,4,,0
1501,'2',945,,4641,32,4,,0,105,,4642,32,4,,0,105,,4643,32,4,,0,145,,4644,32,4,,0,105,,4645,32,4,,0,105,,4646,32,4,,0,105,,4647,32,4,,0,105,,4648,32,4,,0,105,,4649,32,4,,0,105,,4650,32,4,,0,100,,4651,32,4,,0
1501,'5',700,,4652,32,4,,0,35,,4659,32,4,,0,70,,4653,32,4,,0,35,,4660,32,4,,0,70,,4654,32,4,,0,35,,4661,32,4,,0,105,,4662,32,4,,0,105,,4663,32,4,,0,145,,4664,32,4,,0,110,,4665,32,4,,0,110,,4666,32,4,,0,35,,4655,32,4,,0,75,,4667,32,4,,0,75,,4656,32,4,,0,35,,4668,32,4,,0,75,,4657,32,4,,0,35,,4669,32,4,,0,70,,4658,32,4,,0,105,,4670,32,4,,0,105,,4671,32,4,,0,100,,4672,32,4,,0,100,,4673,32,4,,0
1600,'1',910,,4674,10,,,0,105,,4675,10,,,0,105,,4676,10,,,0,105,,4677,10,,,0,105,,4678,10,,,0,105,,4679,10,,,0,105,,4680,10,,,0,105,,4681,10,,,0,105,,4682,10,,,0,105,,4683,10,,,0,145,,4684,10,,,0,100,,4685,10,,,0,100,,4686,10,,,0,100,,4687,10,,,0
1600,'2',1015,,4695,10,,,0,105,,4688,10,,,0,105,,4689,10,,,0,105,,4690,10,,,0,105,,4691,10,,,0,105,,4692,10,,,0,105,,4693,10,,,0,105,,4694,10,,,0
1600,'5',735,,4696,10,,,0,105,,4697,10,,,0,70,,4710,10,,,0,35,,4698,10,,,0,105,,4699,10,,,0,105,,4700,10,,,0,150,,4701,10,,,0,110,,4702,10,,,0,35,,4711,10,,,0,75,,4703,10,,,0,75,,4712,10,,,0,35,,4704,10,,,0,75,,4713,10,,,0,35,,4705,10,,,0,70,,4714,10,,,0,35,,4706,10,,,0,105,,4707,10,,,0,145,,4708,10,,,0,100,,4709,10,,,0
1601,'1',840,,4715,17,,,0,105,,4716,17,,,0,105,,4717,17,,,0,105,,4718,17,,,0,145,,4719,17,,,0,105,,4720,17,,,0,105,,4721,17,,,0,105,,4722,17,,,0,105,,4723,17,,,0,105,,4724,17,,,0,105,,4725,17,,,0,100,,4726,17,,,0,100,,4727,17,,,0,100,,4728,17,,,0
1601,'2',945,,4729,17,,,0,105,,4730,17,,,0,105,,4731,17,,,0,145,,4732,17,,,0,105,,4733,17,,,0,105,,4734,17,,,0,105,,4735,17,,,0,105,,4736,17,,,0
1601,'5',700,,4737,17,,,0,105,,4738,17,,,0,105,,4739,17,,,0,30,,4752,17,,,0,75,,4740,17,,,0,105,,4741,17,,,0,110,,4742,17,,,0,110,,4743,17,,,0,110,,4744,17,,,0,75,,4753,17,,,0,75,,4745,17,,,0,35,,4754,17,,,0,75,,4746,17,,,0,35,,4755,17,,,0,70,,4747,17,,,0,105,,4748,17,,,0,105,,4749,17,,,0,105,,4750,17,,,0,100,,4751,17,,,0
1900,'1',805,,4850,36,4,,0,105,,4851,36,4,,0,105,,4852,36,4,,0,105,,4853,36,4,,0,105,,4854,36,4,,0,75,,4866,36,4,,0,30,,4855,36,4,,0,75,,4867,36,4,,0,30,,4856,36,4,,0,75,,4868,36,4,,0,30,,4857,36,4,,0,75,,4869,36,4,,0,30,,4858,36,4,,0,105,,4859,36,4,,0,105,,4860,36,4,,0,145,,4861,36,4,,0,100,,4862,36,4,,0,100,,4863,36,4,,0,100,,4864,36,4,,0,100,,4865,36,4,,0
1900,'2',910,,4870,36,4,,0,105,,4871,36,4,,0,105,,4872,36,4,,0,105,,4873,36,4,,0,105,,4874,36,4,,0,105,,4875,36,4,,0,105,,4876,36,4,,0,105,,4877,36,4,,0,105,,4878,36,4,,0,105,,4879,36,4,,0,145,,4880,36,4,,0
1900,'5',735,,4881,36,4,,0,70,,4884,36,4,,0,35,,4882,36,4,,0,70,,4885,36,4,,0,35,,4883,36,4,,0,70,,4886,36,4,,0,105,,4887,36,4,,0,110,,4888,36,4,,0,110,,4889,36,4,,0,110,,4890,36,4,,0,150,,4891,36,4,,0,35,,4894,36,4,,0,75,,4892,36,4,,0,35,,4895,36,4,,0,70,,4893,36,4,,0,35,,4896,36,4,,0,105,,4897,36,4,,0,145,,4898,36,4,,0,100,,4899,36,4,,0,100,,4900,36,4,,0,100,,4901,36,4,,0
1901,'1',805,,4902,1,,,0,105,,4903,1,,,0,105,,4904,1,,,0,105,,4905,1,,,0,35,,4917,1,,,0,70,,4906,1,,,0,75,,4918,1,,,0,30,,4907,1,,,0,75,,4919,1,,,0,30,,4908,1,,,0,75,,4920,1,,,0,30,,4909,1,,,0,105,,4910,1,,,0,105,,4911,1,,,0,105,,4912,1,,,0,145,,4913,1,,,0,100,,4914,1,,,0,100,,4915,1,,,0,100,,4916,1,,,0
1901,'2',910,,4921,1,,,0,105,,4922,1,,,0,105,,4923,1,,,0,105,,4924,1,,,0,105,,4925,1,,,0,105,,4926,1,,,0,105,,4927,1,,,0,105,,4928,1,,,0,105,,4929,1,,,0,105,,4930,1,,,0,145,,4931,1,,,0
1901,'5',630,,4932,1,,,0,70,,4934,1,,,0,35,,4933,1,,,0,70,,4936,1,,,0,35,,4935,1,,,0,70,,4937,1,,,0,105,,4938,1,,,0,105,,4939,1,,,0,110,,4940,1,,,0,110,,4941,1,,,0,110,,4942,1,,,0,150,,4943,1,,,0,35,,4945,1,,,0,75,,4944,1,,,0,35,,4946,1,,,0,105,,4947,1,,,0,105,,4948,1,,,0,145,,4949,1,,,0,100,,4950,1,,,0,100,,4951,1,,,0
2300,'1',945,,5130,1,,,0,105,,5131,1,,,0,105,,5132,1,,,0,145,,5133,1,,,0,105,,5134,1,,,0,105,,5135,1,,,0,105,,5136,1,,,0,105,,5137,1,,,0
2300,'2',945,,5138,1,,,0,105,,5139,1,,,0,105,,5140,1,,,0,145,,5141,1,,,0,105,,5142,1,,,0,105,,5143,1,,,0,105,,5144,1,,,0
2300,'5',700,,5145,1,,,0,105,,5146,1,,,0,105,,5147,1,,,0,105,,5148,1,,,0,105,,5149,1,,,0,110,,5150,1,,,0,110,,5151,1,,,0,110,,5152,1,,,0,150,,5153,1,,,0,110,,5154,1,,,0,105,,5155,1,,,0,105,,5156,1,,,0,105,,5157,1,,,0,105,,5158,1,,,0,100,,5159,1,,,0
2301,'1',1050,,5160,31,4,,0,105,,5161,31,4,,0,145,,5162,31,4,,0,105,,5163,31,4,,0,105,,5164,31,4,,0,105,,5165,31,4,,0,105,,5166,31,4,,0,105,,5167,31,4,,0
2301,'2',1050,,5168,31,4,,0,105,,5169,31,4,,0,145,,5170,31,4,,0,105,,5171,31,4,,0,105,,5172,31,4,,0,105,,5173,31,4,,0,105,,5174,31,4,,0
2301,'5',700,,5175,19,4,,0,105,,5176,19,4,,0,105,,5177,19,4,,0,105,,5178,19,4,,0,105,,5179,19,4,,0,105,,5180,19,4,,0,110,,5181,19,4,,0,110,,5182,19,4,,0,110,,5183,19,4,,0,150,,5184,19,4,,0,110,,5185,19,4,,0,105,,5186,31,4,,0,105,,5187,31,4,,0,105,,5188,31,4,,0,100,,5189,31,4,,0,100,,5190,31,4,,0
3000,'1',940,,5238,35,4,,0,105,,5239,35,4,,0,105,,5240,35,4,,0,105,,5241,35,4,,0,145,,5242,35,4,,0,105,,5243,35,4,,0,105,,5244,35,4,,0
3000,'5',735,,5246,35,4,,0,100,,5245,35,4,,0,105,,5250,35,4,,0,105,,5251,35,4,,0,105,,5252,35,4,,0,90,,5253,20,4,,0,100,,5254,20,4,,0,110,,5255,20,4,,0,105,,5247,20,4,,0,150,,5248,20,4,,0,110,,5249,20,4,,0
3001,'1',840,,5256,1,,,0,105,,5257,1,,,0,105,,5258,1,,,0,105,,5259,1,,,0,145,,5260,1,,,0,105,,5261,1,,,0,105,,5262,1,,,0,105,,5263,1,,,0
3001,'5',640,,5268,1,,,0,95,,5264,1,,,0,105,,5270,1,,,0,105,,5271,1,,,0,105,,5272,1,,,0,105,,5273,1,,,0,85,,5275,1,,,0,100,,5274,1,,,0,110,,5265,1,,,0,150,,5266,1,,,0,110,,5267,1,,,0,105,,5269,1,,,0
3300,'5',930,,5276,2,,,0,90,,5277,2,,,0,90,,5278,2,,,0,90,,5279,2,,,0,50,,5280,2,,,0,95,,5281,2,,,0,90,,5282,2,,,0,95,,5283,2,,,0,90,,5284,2,,,0,90,,5285,2,,,0
3301,'5',900,,5286,1,,,0,50,,5287,2,,,0,90,,5288,2,,,0,90,,5289,2,,,0,90,,5290,2,,,0,90,,5291,2,,,0,95,,5292,2,,,0,50,,5293,2,,,0,95,,5294,2,,,0,90,,5295,2,,,0,90,,5296,2,,,0
