100,'1',755,,3652,29,,,0,145,,3653,29,,,0,30,,3662,29,,,0,75,,3654,29,,,0,30,,3663,29,,,0,75,,3655,29,,,0,30,,3664,29,,,0,75,,3656,29,,,0,30,,3665,29,,,0,75,,3657,29,,,0,30,,3666,29,,,0,75,,3658,29,,,0,30,,3667,29,,,0,75,,3659,29,,,0,70,,3668,29,,,0,35,,3660,29,,,0,70,,3669,29,,,0,35,,3661,29,,,0,105,,3670,29,,,0,105,,3671,29,,,0,100,,3672,29,,,0,100,,3673,29,,,0,100,,3674,29,,,0,100,,3675,29,,,0
100,'2',900,,3676,29,,,0,105,,3677,29,,,0,105,,3678,29,,,0,105,,3679,29,,,0,105,,3680,29,,,0,105,,3681,29,,,0,105,,3682,29,,,0,105,,3683,29,,,0,105,,3684,29,,,0,105,,3685,29,,,0,105,,3686,29,,,0
100,'5',650,,3697,29,,,0,70,,3687,29,,,0,80,,3698,29,,,0,30,,3688,29,,,0,75,,3708,29,,,0,10,,3699,29,,,0,30,,3689,29,,,0,85,,3700,29,,,0,70,,3690,29,,,0,45,,3701,29,,,0,75,,3691,29,,,0,80,,3702,29,,,0,35,,3692,29,,,0,80,,3703,29,,,0,35,,3693,29,,,0,80,,3704,29,,,0,15,,3714,29,,,0,60,,3694,29,,,0,40,,3705,29,,,0,55,,3715,29,,,0,20,,3695,29,,,0,35,,3706,29,,,0,80,,3696,29,,,0,65,,3707,29,,,0,40,,3709,29,,,0,105,,3710,29,,,0,100,,3711,29,,,0,100,,3712,29,,,0,100,,3713,29,,,0
101,'1',815,,3716,7,,,0,105,,3717,7,,,0,30,,3726,7,,,0,75,,3718,7,,,0,30,,3727,7,,,0,75,,3719,7,,,0,70,,3728,7,,,0,35,,3720,7,,,0,70,,3729,7,,,0,35,,3721,7,,,0,70,,3730,7,,,0,35,,3722,7,,,0,70,,3731,7,,,0,35,,3723,7,,,0,70,,3732,7,,,0,35,,3724,7,,,0,70,,3733,7,,,0,75,,3725,7,,,0,105,,3734,7,,,0,100,,3735,7,,,0,100,,3736,7,,,0,100,,3737,7,,,0,100,,3738,7,,,0,100,,3739,7,,,0
101,'2',920,,3740,7,,,0,105,,3741,7,,,0,105,,3742,7,,,0,105,,3743,7,,,0,105,,3744,7,,,0,105,,3745,7,,,0,105,,3746,7,,,0,105,,3747,7,,,0,145,,3748,7,,,0,105,,3749,7,,,0,100,,3750,7,,,0
101,'5',635,,3751,7,,,0,75,,3762,7,,,0,30,,3752,7,,,0,75,,3773,1,,,0,10,,3763,7,,,0,30,,3753,7,,,0,75,,3774,7,,,0,10,,3764,7,,,0,70,,3754,7,,,0,45,,3765,7,,,0,70,,3755,7,,,0,85,,3766,7,,,0,35,,3756,7,,,0,80,,3767,7,,,0,75,,3757,7,,,0,40,,3768,7,,,0,75,,3758,7,,,0,40,,3769,7,,,0,55,,3780,7,,,0,20,,3759,7,,,0,80,,3770,7,,,0,15,,3781,7,,,0,20,,3760,7,,,0,70,,3771,7,,,0,40,,3761,7,,,0,65,,3772,7,,,0,80,,3775,7,,,0,102,,3776,7,,,0,103,,3777,7,,,0,100,,3778,7,,,0,105,,3779,7,,,0
900,'5',715,,4152,1,,,0,105,,4153,1,,,0,105,,4154,1,,,0,105,,4155,1,,,0,105,,4156,1,,,0,110,,4157,1,,,0,110,,4158,1,,,0,150,,4159,1,,,0,110,,4160,1,,,0,110,,4161,1,,,0
901,'5',715,,4162,41,4,,0,105,,4163,41,4,,0,105,,4164,41,4,,0,105,,4165,41,4,,0,105,,4166,41,4,,0,105,,4167,41,4,,0,110,,4168,41,4,,0,150,,4169,41,4,,0,110,,4170,41,4,,0,110,,4171,41,4,,0,110,,4172,41,4,,0
1000,'1',715,,4173,21,,,0,30,,4192,21,,,0,105,,4174,21,,,0,70,,4193,21,,,0,105,,4175,21,,,0,75,,4194,21,,,0,15,,4203,21,,,0,15,,4184,21,,,0,75,,4176,21,,,0,30,,4195,21,,,0,15,,4200,21,,,0,60,,4185,21,,,0,30,,4177,21,,,0,75,,4196,21,,,0,10,,4201,21,,,0,20,,4186,21,,,0,75,,4178,21,,,0,30,,4197,21,,,0,55,,4202,21,,,0,20,,4187,21,,,0,30,,4179,21,,,0,75,,4198,21,,,0,70,,4188,21,,,0,35,,4180,21,,,0,105,,4189,21,,,0,70,,4181,21,,,0,100,,4190,21,,,0,30,,4182,21,,,0,100,,4191,21,,,0,70,,4183,21,,,0
1000,'2',850,,4205,21,,,0,105,,4219,21,,,0,70,,4206,21,,,0,75,,4222,21,,,0,30,,4213,21,,,0,75,,4207,21,,,0,30,,4223,21,,,0,75,,4214,21,,,0,30,,4208,21,,,0,75,,4224,21,,,0,30,,4215,21,,,0,75,,4209,21,,,0,30,,4225,21,,,0,75,,4216,21,,,0,30,,4210,21,,,0,75,,4226,21,,,0,70,,4217,21,,,0,35,,4211,21,,,0,105,,4218,21,,,0,70,,4212,21,,,0
1000,'5',640,,4249,21,,,0,70,,4227,21,,,0,35,,4239,21,,,0,70,,4250,21,,,0,35,,4228,21,,,0,70,,4240,21,,,0,35,,4251,21,,,0,70,,4229,21,,,0,75,,4241,21,,,0,30,,4252,21,,,0,75,,4230,21,,,0,35,,4242,21,,,0,75,,4253,21,,,0,35,,4231,21,,,0,55,,4260,21,,,0,20,,4243,21,,,0,75,,4254,21,,,0,35,,4238,21,,,0,20,,4257,21,,,0,55,,4244,21,,,0,35,,4255,21,,,0,75,,4232,21,,,0,20,,4258,21,,,0,15,,4245,21,,,0,145,,4233,21,,,0,15,,4259,21,,,0,15,,4246,21,,,0,105,,4234,21,,,0,75,,4247,21,,,0,100,,4235,4,,,0,30,,4248,21,,,0,100,,4236,21,,,0
1001,'1',650,,4287,17,,,0,150,,4261,17,,,0,30,,4280,17,,,0,105,,4262,17,,,0,70,,4281,17,,,0,20,,4292,17,,,0,85,,4263,17,,,0,35,,4282,17,,,0,55,,4291,17,,,0,15,,4272,17,,,0,35,,4264,17,,,0,70,,4283,17,,,0,15,,4288,17,,,0,20,,4273,17,,,0,70,,4265,17,,,0,75,,4284,17,,,0,15,,4289,17,,,0,15,,4274,17,,,0,75,,4266,17,,,0,30,,4285,17,,,0,20,,4290,17,,,0,55,,4275,17,,,0,30,,4267,17,,,0,75,,4286,17,0,27 26,0,30,,4276,17,,,0,75,,4268,17,,,0,100,,4277,17,,,0,30,,4269,17,,,0,100,,4278,17,,,0,70,,4270,17,,,0,105,,4279,17,0,27 26,0,25,,4271,17,,,0
1001,'2',905,,4308,17,,,0,30,,4293,17,,,0,70,,4309,17,,,0,35,,4306,17,,,0,70,,4294,17,,,0,35,,4310,17,,,0,70,,4300,17,,,0,35,,4295,17,,,0,70,,4311,17,,,0,35,,4301,17,,,0,70,,4296,17,,,0,75,,4312,17,,,0,30,,4302,17,,,0,75,,4297,17,,,0,30,,4313,17,,,0,75,,4303,17,,,0,30,,4298,17,,,0,75,,4314,17,,,0,30,,4304,17,,,0,75,,4299,17,,,0,100,,4305,17,0,27 26,0
1001,'5',650,,4326,17,,,0,75,,4337,17,,,0,30,,4315,17,,,0,75,,4327,17,,,0,70,,4338,17,,,0,35,,4316,17,,,0,70,,4328,17,,,0,35,,4339,17,,,0,70,,4317,17,,,0,35,,4329,17,,,0,70,,4340,17,,,0,35,,4318,17,,,0,75,,4330,17,,,0,80,,4341,17,,,0,30,,4319,17,,,0,20,,4344,17,,,0,55,,4331,17,,,0,40,,4342,17,,,0,70,,4320,17,,,0,20,,4345,17,,,0,15,,4332,17,,,0,80,,4343,17,,,0,70,,4321,17,,,0,20,,4346,17,,,0,15,,4333,17,,,0,105,,4322,17,,,0,55,,4347,17,,,0,15,,4334,17,,,0,105,,4323,17,,,0,30,,4335,17,,,0,100,,4324,17,,,0,70,,4336,17,,,0,100,,4325,17,0,27 26,0
1300,'5',825,,4506,8,,,0
1301,'5',850,,4507,7,4,,0
1400,'1',820,,4508,1,,,0,105,,4509,1,,,0,105,,4510,1,,,0,105,,4511,1,,,0,105,,4512,1,,,0,105,,4513,1,,,0,105,,4514,1,,,0,105,,4515,1,,,0,145,,4516,1,,,0
1400,'2',925,,4517,1,,,0,105,,4518,1,,,0,105,,4519,1,,,0,105,,4520,1,,,0,105,,4521,1,,,0,105,,4522,1,,,0,105,,4523,1,,,0
1400,'5',715,,4524,1,,,0,35,,4538,1,,,0,70,,4525,1,,,0,35,,4539,1,,,0,70,,4526,1,,,0,105,,4527,1,,,0,105,,4528,1,,,0,110,,4529,1,,,0,110,,4530,1,,,0,70,,4540,1,,,0,80,,4531,1,,,0,30,,4541,1,,,0,80,,4532,1,,,0,30,,4542,1,,,0,80,,4533,1,,,0,105,,4534,1,,,0,105,,4535,1,,,0,105,,4536,1,,,0,100,,4537,1,,,0
1401,'1',820,,4543,33,4,,0,105,,4544,33,4,,0,105,,4545,33,4,,0,105,,4546,33,4,,0,105,,4547,33,4,,0,105,,4548,33,4,,0,105,,4549,33,4,,0,105,,4550,33,4,,0,145,,4551,33,4,,0,105,,4552,33,4,,0
1401,'2',1030,,4553,33,4,,0,105,,4554,33,4,,0,105,,4555,33,4,,0,105,,4556,33,4,,0,105,,4557,33,4,,0,105,,4558,33,4,,0,145,,4559,33,4,,0
1401,'5',715,,4560,33,4,,0,35,,4575,33,4,,0,70,,4561,33,4,,0,35,,4576,33,4,,0,70,,4562,33,4,,0,75,,4577,33,4,,0,30,,4563,33,4,,0,105,,4564,33,4,,0,105,,4565,33,4,,0,110,,4566,33,4,,0,150,,4567,33,4,,0,30,,4578,33,4,,0,80,,4568,33,4,,0,30,,4579,33,4,,0,80,,4569,33,4,,0,30,,4580,33,4,,0,80,,4570,33,4,,0,105,,4571,33,4,,0,105,,4572,33,4,,0,100,,4573,33,4,,0,100,,4574,33,4,,0
1500,'1',850,,4581,9,,,0,105,,4582,9,,,0,145,,4583,9,,,0,105,,4584,9,,,0,105,,4585,9,,,0,105,,4586,9,,,0,105,,4587,9,,,0,105,,4588,9,,,0,105,,4589,9,,,0,105,,4590,9,,,0,105,,4591,9,,,0,100,,4592,9,,,0,100,,4593,9,,,0,100,,4594,9,,,0
1500,'2',850,,4595,9,,,0,105,,4596,9,,,0,145,,4597,9,,,0,105,,4598,9,,,0,105,,4599,9,,,0,105,,4600,9,,,0,105,,4601,9,,,0,105,,4602,9,,,0,105,,4603,9,,,0,105,,4604,9,,,0,105,,4605,9,,,0
1500,'5',640,,4612,9,,,0,70,,4606,9,,,0,35,,4613,9,,,0,70,,4607,9,,,0,35,,4614,9,,,0,105,,4615,9,,,0,145,,4616,9,,,0,105,,4617,9,,,0,110,,4618,9,,,0,110,,4619,9,,,0,75,,4608,9,,,0,35,,4620,9,,,0,75,,4609,9,,,0,35,,4621,9,,,0,75,,4610,9,,,0,35,,4622,9,,,0,70,,4611,9,,,0,105,,4623,9,,,0,105,,4624,9,,,0,105,,4625,9,,,0,100,,4626,9,,,0
1501,'1',930,,4627,22,,,0,105,,4628,22,,,0,105,,4629,22,,,0,105,,4630,22,,,0,105,,4631,22,,,0,105,,4632,22,,,0,145,,4633,22,,,0,105,,4634,22,,,0,105,,4635,22,,,0,105,,4636,22,,,0,100,,4637,22,,,0,100,,4638,22,,,0,100,,4639,22,,,0,100,,4640,22,,,0
1501,'2',930,,4641,22,,,0,105,,4642,22,,,0,105,,4643,22,,,0,105,,4644,22,,,0,105,,4645,22,,,0,105,,4646,22,,,0,145,,4647,22,,,0,105,,4648,22,,,0,105,,4649,22,,,0,105,,4650,22,,,0,100,,4651,22,,,0
1501,'5',645,,4652,22,,,0,75,,4659,22,,,0,30,,4653,22,,,0,75,,4660,22,,,0,30,,4654,22,,,0,75,,4661,22,,,0,105,,4662,22,,,0,105,,4663,22,,,0,105,,4664,22,,,0,110,,4665,22,,,0,150,,4666,22,,,0,35,,4655,22,,,0,75,,4667,22,,,0,35,,4656,22,,,0,75,,4668,22,,,0,75,,4657,22,,,0,35,,4669,22,,,0,70,,4658,22,,,0,105,,4670,22,,,0,105,,4671,22,,,0,100,,4672,22,,,0,100,,4673,22,,,0
1600,'1',855,,4674,1,,,0,145,,4675,1,,,0,105,,4676,1,,,0,105,,4677,1,,,0,105,,4678,1,,,0,105,,4679,1,,,0,105,,4680,1,,,0,105,,4681,1,,,0,105,,4682,1,,,0,105,,4683,1,,,0,105,,4684,1,,,0,100,,4685,1,,,0,100,,4686,1,,,0,100,,4687,1,,,0
1600,'2',1000,,4695,1,,,0,105,,4688,1,,,0,105,,4689,1,,,0,105,,4690,1,,,0,105,,4691,1,,,0,105,,4692,1,,,0,105,,4693,1,,,0,105,,4694,1,,,0
1600,'5',715,,4696,1,,,0,105,,4697,1,,,0,35,,4710,1,,,0,70,,4698,1,,,0,105,,4699,1,,,0,105,,4700,1,,,0,110,,4701,1,,,0,110,,4702,1,,,0,75,,4711,1,,,0,75,,4703,1,,,0,35,,4712,1,,,0,75,,4704,1,,,0,35,,4713,1,,,0,75,,4705,1,,,0,75,,4714,1,,,0,30,,4706,1,,,0,105,,4707,1,,,0,105,,4708,1,,,0,105,,4709,1,,,0
1601,'1',855,,4715,25,4,,0,145,,4716,25,4,,0,105,,4717,25,4,,0,105,,4718,25,4,,0,105,,4719,25,4,,0,105,,4720,25,4,,0,105,,4721,25,4,,0,105,,4722,25,4,,0,105,,4723,25,4,,0,105,,4724,25,4,,0,105,,4725,25,4,,0,100,,4726,25,4,,0,100,,4727,25,4,,0,100,,4728,25,4,,0
1601,'2',1000,,4729,25,4,,0,105,,4730,25,4,,0,105,,4731,25,4,,0,105,,4732,25,4,,0,105,,4733,25,4,,0,105,,4734,25,4,,0,105,,4735,25,4,,0,105,,4736,25,4,,0
1601,'5',715,,4737,25,4,,0,105,,4738,25,4,,0,105,,4739,25,4,,0,30,,4752,25,4,,0,75,,4740,25,4,,0,105,,4741,25,4,,0,110,,4742,25,4,,0,110,,4743,25,4,,0,150,,4744,25,4,,0,35,,4753,25,4,,0,75,,4745,25,4,,0,35,,4754,25,4,,0,75,,4746,25,4,,0,75,,4755,25,4,,0,30,,4747,25,4,,0,105,,4748,25,4,,0,105,,4749,25,4,,0,105,,4750,25,4,,0,100,,4751,25,4,,0
2300,'1',952,,5130,3,,,0,105,,5131,3,,,0,145,,5132,3,,,0,105,,5133,3,,,0,105,,5134,3,,,0,105,,5135,3,,,0,105,,5136,3,,,0,105,,5137,3,,,0
2300,'2',952,,5138,3,,,0,105,,5139,3,,,0,145,,5140,3,,,0,105,,5141,3,,,0,105,,5142,3,,,0,105,,5143,3,,,0,105,,5144,3,,,0
2300,'5',710,,5145,3,,,0,105,,5146,3,,,0,105,,5147,3,,,0,105,,5148,3,,,0,105,,5149,3,,,0,110,,5150,3,,,0,110,,5151,3,,,0,150,,5152,3,,,0,110,,5153,3,,,0,110,,5154,3,,,0,102,,5155,3,,,0,105,,5156,3,,,0,105,,5157,3,,,0,103,,5158,3,,,0,100,,5159,3,,,0
2301,'1',1037,,5160,26,,,0,105,,5161,26,,,0,105,,5162,26,,,0,105,,5163,26,,,0,105,,5164,26,,,0,145,,5165,26,,,0,105,,5166,26,,,0,105,,5167,26,,,0
2301,'2',1037,,5168,26,,,0,105,,5169,26,,,0,105,,5170,26,,,0,105,,5171,26,,,0,105,,5172,26,,,0,145,,5173,26,,,0,105,,5174,26,,,0
2301,'5',650,,5175,14,,,0,105,,5176,14,,,0,145,,5177,14,,,0,105,,5178,14,,,0,105,,5179,14,,,0,105,,5180,14,,,0,110,,5181,14,,,0,110,,5182,14,,,0,110,,5183,14,,,0,110,,5184,14,,,0,150,,5185,14,,,0,102,,5186,26,,,0,105,,5187,26,,,0,105,,5188,26,,,0,103,,5189,26,,,0,100,,5190,26,,,0
2600,'5',855,,5191,26,4,,0
2900,'1',1107,,5192,9,,,0,105,,5193,9,,,0,105,,5194,9,,,0,105,,5195,9,,,0,105,,5196,9,,,0,105,,5197,9,,,0
2900,'2',1107,,5198,9,,,0,105,,5199,9,,,0,105,,5200,9,,,0,105,,5201,9,,,0,105,,5202,9,,,0,105,,5203,9,,,0
2900,'5',855,,5204,9,,,0,145,,5205,9,,,0,105,,5206,9,,,0,105,,5207,9,,,0,105,,5208,9,,,0,105,,5209,9,,,0,105,,5210,9,,,0,105,,5211,9,,,0,105,,5212,9,,,0,105,,5213,9,,,0,105,,5214,9,,,0
2901,'1',1047,,5215,20,,,0,105,,5216,20,,,0,105,,5217,20,,,0,145,,5218,20,,,0,105,,5219,20,,,0,105,,5220,20,,,0
2901,'2',1047,,5221,20,,,0,105,,5222,20,,,0,105,,5223,20,,,0,145,,5224,20,,,0,105,,5225,20,,,0,105,,5226,20,,,0
2901,'5',835,,5227,20,,,0,105,,5228,20,,,0,105,,5229,20,,,0,105,,5230,20,,,0,105,,5231,20,,,0,145,,5232,20,,,0,105,,5233,20,,,0,105,,5234,20,,,0,105,,5235,20,,,0,105,,5236,20,,,0,105,,5237,20,,,0
3300,'5',940,,5276,3,4,,0,90,,5277,3,4,,0,90,,5278,3,4,,0,90,,5279,3,4,,0,90,,5280,3,4,,0,55,,5281,3,4,,0,90,,5282,3,4,,0,95,,5283,3,4,,0,90,,5284,3,4,,0,90,,5285,3,4,,0
3301,'5',940,,5287,1,,,0,90,,5288,1,,,0,90,,5289,1,,,0,90,,5290,1,,,0,90,,5291,1,,,0,55,,5292,1,,,0,90,,5293,1,,,0,95,,5294,1,,,0,90,,5295,1,,,0,90,,5296,1,,,0
