301,'1',855,,2308,32,,,0,75,,2298,32,,,0,70,,2318,32,,,0,35,,2309,32,,,0,70,,2299,32,,,0,35,,2319,32,,,0,70,,2310,32,,,0,35,,2300,32,,,0,70,,2320,32,,,0,35,,2311,32,,,0,70,,2301,32,,,0,35,,2321,32,,,0,70,,2312,32,,,0,75,,2302,32,,,0,30,,2322,32,,,0,75,,2313,32,,,0,27,,2303,32,,,0,75,,2323,32,,,0,30,,2314,32,,,0,75,,2304,32,,,0,30,,2324,32,,,0,70,,2315,32,,,0,30,,2305,32,,,0,70,,2325,32,,,0,30,,2316,32,,,0,70,,2306,32,,,0,30,,2326,32,,,0,70,,2317,32,,,0,30,,2307,32,,,0
301,'2',852,,2327,32,,,0,105,,2335,32,,,0,75,,2328,32,,,0,70,,2343,32,,,0,35,,2336,32,,,0,70,,2329,32,,,0,35,,2344,32,,,0,70,,2337,32,,,0,35,,2330,32,,,0,70,,2345,32,,,0,35,,2338,32,,,0,70,,2331,32,,,0,35,,2346,32,,,0,70,,2339,32,,,0,75,,2332,32,,,0,30,,2347,32,,,0,75,,2340,32,,,0,30,,2333,32,,,0,70,,2348,32,,,0,35,,2341,32,,,0,70,,2334,32,,,0
301,'5',720,,2349,32,,,0,30,,2357,32,,,0,75,,2368,32,,,0,20,,2380,32,,,0,10,,2350,32,,,0,55,,2379,32,,,0,20,,2358,32,,,0,15,,2381,32,,,0,55,,2369,32,,,0,35,,2351,32,,,0,70,,2359,32,,,0,35,,2370,32,,,0,70,,2352,32,,,0,35,,2360,32,,,0,75,,2371,32,,,0,35,,2353,32,,,0,75,,2361,32,,,0,75,,2372,32,,,0,35,,2354,32,,,0,75,,2362,32,,,0,35,,2373,32,,,0,60,,2382,32,,,0,15,,2355,32,,,0,10,,2384,32,,,0,65,,2363,32,,,0,20,,2385,32,,,0,12,,2374,32,,,0,10,,2383,32,,,0,60,,2356,32,,,0,35,,2364,32,,,0,70,,2375,32,,,0,105,,2365,32,,,0,30,,2376,32,,,0,100,,2366,32,,,0,70,,2377,32,,,0,100,,2367,32,,,0
1000,'1',635,,2497,8,4,,0,105,,2471,42,4,,0,70,,2490,42,4,,0,105,,2472,42,4,,0,30,,2491,42,4,,0,60,,2502,8,4,,0,45,,2473,42,4,,0,75,,2492,42,4,,0,15,,2501,42,4,,0,15,,2482,42,4,,0,75,,2474,42,4,,0,70,,2493,42,4,,0,15,,2498,42,4,,0,20,,2483,42,4,,0,70,,2475,42,4,,0,35,,2494,42,4,,0,15,,2499,42,4,,0,55,,2484,42,4,,0,35,,2476,42,4,,0,70,,2495,42,4,,0,20,,2500,42,4,,0,15,,2485,42,4,,0,70,,2477,42,4,,0,35,,2496,42,4,,0,70,,2486,42,4,,0,75,,2478,42,4,,0,30,,2503,42,4,,0,75,,2487,42,4,,0,30,,2479,42,4,,0,70,,2504,42,4,,0,30,,2488,42,4,,0,70,,2480,42,4,,0,30,,2505,42,4,,0,70,,2489,42,4,,0,30,,2481,42,4,,0
1000,'2',845,,2522,2,4,,0,70,,2507,7,4,,0,30,,2523,2,4,,0,75,,2521,7,4,,0,30,,2508,7,4,,0,75,,2524,7,4,,0,30,,2515,7,4,,0,75,,2509,7,4,,0,70,,2525,7,4,,0,35,,2516,7,4,,0,70,,2510,7,4,,0,35,,2526,7,4,,0,70,,2517,7,4,,0,35,,2511,7,4,,0,70,,2527,7,4,,0,35,,2518,7,4,,0,70,,2512,7,4,,0,35,,2528,7,4,,0,70,,2519,7,4,,0,75,,2513,7,4,,0,105,,2520,7,4,,0,30,,2514,7,4,,0
1000,'5',630,,2539,8,4,,0,75,,2551,42,4,,0,30,,2529,42,4,,0,75,,2541,42,4,,0,15,,2562,42,4,,0,15,,2552,42,4,,0,15,,2563,42,4,,0,60,,2530,42,4,,0,30,,2542,42,4,,0,55,,2570,42,4,,0,20,,2553,42,4,,0,30,,2531,42,4,,0,75,,2543,42,4,,0,15,,2571,42,4,,0,15,,2554,42,4,,0,75,,2532,42,4,,0,75,,2544,42,4,,0,15,,2572,42,4,,0,25,,2555,42,4,,0,70,,2533,42,4,,0,35,,2545,42,4,,0,55,,2573,42,4,,0,25,,2556,42,4,,0,10,,2565,42,4,,0,60,,2540,42,4,,0,20,,2559,42,4,,0,15,,2546,42,4,,0,20,,2564,42,4,,0,60,,2557,42,4,,0,10,,2566,42,4,,0,20,,2534,42,4,,0,60,,2560,42,4,,0,15,,2547,42,4,,0,20,,2569,42,4,,0,70,,2567,42,4,,0,15,,2535,42,4,,0,15,,2561,42,4,,0,15,,2548,42,4,,0,145,,2536,42,4,,0,35,,2549,42,4,,0,100,,2537,42,4,,0,70,,2550,42,4,,0,100,,2538,42,4,,0
1001,'1',635,,2600,1,,,0,105,,2574,1,,,0,70,,2593,1,,,0,105,,2575,1,,,0,30,,2594,1,,,0,60,,2605,1,,,0,45,,2576,1,,,0,75,,2595,1,,,0,15,,2604,1,,,0,15,,2585,1,,,0,75,,2577,1,,,0,70,,2596,1,,,0,15,,2601,1,,,0,20,,2586,1,,,0,70,,2578,1,,,0,35,,2597,1,,,0,15,,2602,1,,,0,55,,2587,1,,,0,35,,2579,1,,,0,70,,2598,1,,,0,20,,2603,1,,,0,15,,2588,1,,,0,70,,2580,1,,,0,35,,2599,1,,,0,70,,2589,1,,,0,75,,2581,1,,,0,30,,2606,1,,,0,75,,2590,1,,,0,30,,2582,1,,,0,70,,2607,1,,,0,30,,2591,1,,,0,70,,2583,1,,,0,30,,2608,1,,,0,70,,2592,1,,,0,30,,2584,1,,,0
1001,'2',845,,2624,1,,,0,70,,2609,1,,,0,30,,2625,1,,,0,75,,2622,1,,,0,30,,2610,1,,,0,75,,2626,1,,,0,30,,2616,1,,,0,75,,2611,1,,,0,70,,2627,1,,,0,35,,2617,1,,,0,70,,2612,1,,,0,35,,2628,1,,,0,70,,2618,1,,,0,35,,2613,1,,,0,70,,2629,1,,,0,35,,2619,1,,,0,70,,2614,1,,,0,35,,2630,1,,,0,70,,2620,1,,,0,75,,2615,1,,,0,105,,2621,1,,,0,30,,2623,1,0,11 7,0
1001,'5',630,,2642,1,,,0,75,,2653,1,,,0,30,,2631,1,,,0,75,,2643,1,,,0,15,,2663,1,,,0,15,,2654,1,,,0,15,,2664,1,,,0,60,,2632,1,,,0,30,,2644,1,,,0,55,,2671,1,,,0,20,,2655,1,,,0,30,,2633,1,,,0,75,,2645,1,,,0,15,,2672,1,,,0,15,,2656,1,,,0,75,,2634,1,,,0,75,,2646,1,,,0,15,,2673,1,,,0,25,,2657,1,,,0,70,,2635,1,,,0,35,,2647,1,,,0,60,,2665,1,,,0,20,,2658,1,,,0,15,,2667,1,,,0,55,,2636,1,,,0,20,,2660,1,,,0,15,,2648,1,,,0,20,,2666,1,,,0,60,,2659,1,,,0,10,,2668,1,,,0,20,,2637,1,,,0,60,,2661,1,,,0,15,,2649,1,,,0,20,,2670,1,,,0,70,,2669,1,,,0,15,,2638,1,,,0,15,,2662,1,,,0,15,,2650,1,,,0,145,,2639,1,,,0,35,,2651,1,,,0,100,,2640,1,,,0,70,,2652,1,,,0,100,,2641,1,,,0
1100,'1',1006,,2674,21,,,0,105,,2675,21,,,0,105,,2676,21,,,0,105,,2677,21,,,0,105,,2678,21,,,0,105,,2679,21,,,0,105,,2680,21,,,0,105,,2681,21,,,0
1100,'5',756,,2682,21,,,0,145,,2683,21,,,0,105,,2684,21,,,0,105,,2685,21,,,0,105,,2686,21,,,0,110,,2687,21,,,0,110,,2688,21,,,0,110,,2689,21,,,0,110,,2690,21,,,0,150,,2691,21,,,0
1101,'1',923,,2692,12,,,0,105,,2693,12,,,0,105,,2694,12,,,0,105,,2695,12,,,0,105,,2696,12,,,0,105,,2697,12,,,0,105,,2698,12,,,0,105,,2699,12,,,0,145,,2700,12,,,0
1101,'5',713,,2701,12,,,0,105,,2702,12,,,0,105,,2703,12,,,0,105,,2704,12,,,0,105,,2705,12,,,0,105,,2706,12,,,0,110,,2707,12,,,0,110,,2708,12,,,0,150,,2709,12,,,0,110,,2710,12,,,0,110,,2711,12,,,0
