200,'1',753,,2039,21,,,0,105,,2047,21,,,0,70,,2055,21,,,0,75,,2040,21,,,0,30,,2061,21,,,0,75,,2048,21,,,0,30,,2056,21,,,0,75,,2041,21,,,0,30,,2062,21,,,0,75,,2049,21,,,0,30,,2057,21,,,0,75,,2042,21,,,0,30,,2063,21,,,0,75,,2050,21,,,0,30,,2058,21,,,0,75,,2043,21,,,0,70,,2064,21,,,0,35,,2051,21,,,0,70,,2059,21,,,0,35,,2044,21,,,0,70,,2065,21,,,0,34,,2052,21,,,0,70,,2060,21,,,0,30,,2045,21,,,0,70,,2067,21,,,0,30,,2053,21,,,0,70,,2066,21,,,0,30,,2046,21,,,0,100,,2054,21,,,0
200,'2',858,,2073,21,,,0,145,,2068,21,,,0,30,,2082,21,,,0,75,,2074,21,,,0,30,,2079,21,,,0,75,,2069,21,,,0,30,,2083,21,,,0,75,,2075,21,,,0,30,,2080,21,,,0,75,,2070,21,,,0,30,,2084,21,,,0,75,,2076,21,,,0,30,,2081,21,,,0,75,,2071,21,,,0,70,,2085,21,,,0,35,,2077,21,,,0,70,,2086,21,,,0,35,,2072,21,,,0,70,,2087,21,,,0,34,,2078,21,,,0
200,'5',648,,2111,21,,,0,70,,2096,21,,,0,35,,2104,21,,,0,55,,2121,21,,,0,15,,2088,21,,,0,15,,2122,21,,,0,20,,2112,21,,,0,70,,2097,21,,,0,75,,2105,21,,,0,30,,2089,21,,,0,75,,2113,21,,,0,30,,2098,21,,,0,75,,2106,21,,,0,35,,2090,21,,,0,75,,2114,21,,,0,35,,2099,21,,,0,75,,2107,21,,,0,75,,2091,21,,,0,15,,2119,21,,,0,20,,2115,21,,,0,60,,2123,21,,,0,15,,2100,21,,,0,15,,2120,21,,,0,20,,2108,21,,,0,60,,2124,21,,,0,15,,2092,21,,,0,15,,2125,21,,,0,60,,2116,21,,,0,30,,2101,21,,,0,75,,2109,21,,,0,30,,2093,21,,,0,75,,2117,21,,,0,30,,2102,21,,,0,74,,2110,21,,,0,30,,2094,21,,,0,70,,2118,21,,,0,30,,2103,21,,,0,100,,2095,21,,,0
1000,'1',728,,2471,34,,,0,30,,2490,34,,,0,145,,2472,34,,,0,30,,2491,34,,,0,105,,2473,34,,,0,75,,2492,34,,,0,15,,2501,34,,,0,15,,2482,34,,,0,75,,2474,34,,,0,30,,2493,34,,,0,55,,2498,34,,,0,20,,2483,34,,,0,30,,2475,34,,,0,75,,2494,34,,,0,14,,2499,34,,,0,16,,2484,34,,,0,75,,2476,34,,,0,70,,2495,34,,,0,19,,2500,34,,,0,16,,2485,34,,,0,70,,2477,34,,,0,35,,2496,34,,,0,70,,2486,34,,,0,35,,2478,34,,,0,70,,2503,34,,,0,35,,2487,34,,,0,70,,2479,34,,,0,30,,2504,34,,,0,70,,2488,34,,,0,30,,2480,34,,,0,70,,2505,34,,,0,30,,2489,34,,,0,70,,2481,34,,,0
1000,'5',653,,2551,34,,,0,70,,2529,34,,,0,35,,2541,34,,,0,55,,2562,34,,,0,15,,2552,34,,,0,15,,2563,34,,,0,60,,2530,34,,,0,30,,2542,34,,,0,15,,2570,34,,,0,60,,2553,34,,,0,30,,2531,34,,,0,75,,2543,34,,,0,15,,2571,34,,,0,15,,2554,34,,,0,75,,2532,34,,,0,35,,2544,34,,,0,55,,2572,34,,,0,24,,2555,34,,,0,71,,2533,34,,,0,35,,2545,34,,,0,15,,2573,34,,,0,64,,2556,34,,,0,11,,2565,34,,,0,20,,2540,34,,,0,60,,2559,34,,,0,15,,2546,34,,,0,19,,2564,34,,,0,60,,2557,34,,,0,10,,2566,34,,,0,21,,2534,34,,,0,20,,2560,34,,,0,55,,2547,34,,,0,19,,2569,34,,,0,30,,2567,34,,,0,56,,2535,34,,,0,15,,2561,34,,,0,15,,2548,34,,,0,105,,2536,34,,,0,75,,2549,34,,,0,100,,2537,34,,,0,30,,2550,34,,,0,100,,2538,34,,,0
1500,'1',859,,2907,19,,,0,145,,2908,19,,,0,105,,2909,19,,,0,105,,2910,19,,,0,105,,2911,19,,,0,105,,2912,19,,,0,105,,2913,19,,,0,105,,2914,19,,,0,105,,2915,19,,,0,105,,2916,19,,,0,105,,2917,19,,,0,100,,2918,19,,,0,100,,2919,19,,,0,100,,2920,19,,,0
1500,'2',859,,2921,19,,,0,145,,2922,19,,,0,105,,2923,19,,,0,105,,2924,19,,,0,105,,2925,19,,,0,105,,2926,19,,,0,105,,2927,19,,,0,105,,2928,19,,,0,105,,2929,19,,,0,105,,2930,19,,,0,105,,2931,19,,,0
1500,'5',649,,2943,19,,,0,70,,2932,19,,,0,35,,2944,19,,,0,70,,2933,19,,,0,35,,2945,19,,,0,70,,2934,19,,,0,75,,2946,19,,,0,30,,2935,19,,,0,75,,2947,19,,,0,30,,2936,19,,,0,75,,2948,19,,,0,35,,2937,19,,,0,75,,2949,19,,,0,35,,2938,19,,,0,75,,2950,19,,,0,75,,2939,19,,,0,35,,2951,19,,,0,75,,2940,19,,,0,35,,2952,19,,,0,75,,2941,19,,,0,75,,2953,19,,,0,30,,2942,19,,,0,105,,2954,19,,,0,105,,2955,19,,,0,105,,2956,19,,,0,100,,2957,19,,,0
2901,'1',1122,,3570,21,,,0,105,,3571,21,,,0,105,,3572,21,,,0,105,,3573,21,,,0,105,,3574,21,,,0,105,,3575,21,,,0
2901,'2',1122,,3576,21,,,0,105,,3577,21,,,0,105,,3578,21,,,0,105,,3579,21,,,0,105,,3580,21,,,0,105,,3581,21,,,0
2901,'5',912,,3582,21,,,0,105,,3583,21,,,0,105,,3584,21,,,0,105,,3585,21,,,0,105,,3586,21,,,0,105,,3587,21,,,0,105,,3588,21,,,0,105,,3589,21,,,0,105,,3590,21,,,0,105,,3591,21,,,0,145,,3592,21,,,0
