1001,'1',651,,4287,18,,,0,150,,4261,18,,,0,30,,4280,18,,,0,105,,4262,18,,,0,70,,4281,18,,,0,20,,4292,18,,,0,85,,4263,18,,,0,35,,4282,18,,,0,55,,4291,18,,,0,15,,4272,18,,,0,35,,4264,18,,,0,70,,4283,18,,,0,15,,4288,18,,,0,20,,4273,18,,,0,70,,4265,18,,,0,75,,4284,18,,,0,15,,4289,18,,,0,15,,4274,18,,,0,75,,4266,18,,,0,30,,4285,18,,,0,20,,4290,18,,,0,55,,4275,18,,,0,30,,4267,18,,,0,75,,4286,18,0,27 26,0,30,,4276,18,,,0,75,,4268,18,,,0,100,,4277,18,,,0,30,,4269,18,,,0,100,,4278,18,,,0,70,,4270,18,,,0,105,,4279,18,0,27 26,0,25,,4271,18,,,0
1001,'2',906,,4308,18,,,0,30,,4293,18,,,0,70,,4309,18,,,0,35,,4306,18,,,0,70,,4294,18,,,0,35,,4310,18,,,0,70,,4300,18,,,0,35,,4295,18,,,0,70,,4311,18,,,0,35,,4301,18,,,0,70,,4296,18,,,0,75,,4312,18,,,0,30,,4302,18,,,0,75,,4297,18,,,0,30,,4313,18,,,0,75,,4303,18,,,0,30,,4298,18,,,0,75,,4314,18,,,0,30,,4304,18,,,0,75,,4299,18,,,0,100,,4305,18,0,27 26,0
1001,'5',651,,4326,18,,,0,75,,4337,18,,,0,30,,4315,18,,,0,75,,4327,18,,,0,70,,4338,18,,,0,35,,4316,18,,,0,70,,4328,18,,,0,35,,4339,18,,,0,70,,4317,18,,,0,35,,4329,18,,,0,71,,4340,18,,,0,35,,4318,18,,,0,75,,4330,18,,,0,79,,4341,18,,,0,31,,4319,18,,,0,20,,4344,18,,,0,55,,4331,18,,,0,39,,4342,18,,,0,71,,4320,18,,,0,20,,4345,18,,,0,15,,4332,18,,,0,79,,4343,18,,,0,70,,4321,18,,,0,20,,4346,18,,,0,15,,4333,18,,,0,105,,4322,18,,,0,55,,4347,18,,,0,15,,4334,18,,,0,105,,4323,18,,,0,30,,4335,18,,,0,100,,4324,18,,,0,70,,4336,18,,,0,100,,4325,18,0,27 26,0
1501,'1',931,,4627,23,,,0,105,,4628,23,,,0,105,,4629,23,,,0,105,,4630,23,,,0,105,,4631,23,,,0,105,,4632,23,,,0,145,,4633,23,,,0,105,,4634,23,,,0,105,,4635,23,,,0,105,,4636,23,,,0,100,,4637,23,,,0,100,,4638,23,,,0,100,,4639,23,,,0,100,,4640,23,,,0
1501,'2',931,,4641,23,,,0,105,,4642,23,,,0,105,,4643,23,,,0,105,,4644,23,,,0,105,,4645,23,,,0,105,,4646,23,,,0,145,,4647,23,,,0,105,,4648,23,,,0,105,,4649,23,,,0,105,,4650,23,,,0,100,,4651,23,,,0
1501,'5',646,,4652,23,,,0,75,,4659,23,,,0,30,,4653,23,,,0,75,,4660,23,,,0,30,,4654,23,,,0,75,,4661,23,,,0,105,,4662,23,,,0,105,,4663,23,,,0,105,,4664,23,,,0,110,,4665,23,,,0,150,,4666,23,,,0,35,,4655,23,,,0,75,,4667,23,,,0,35,,4656,23,,,0,75,,4668,23,,,0,75,,4657,23,,,0,35,,4669,23,,,0,70,,4658,23,,,0,105,,4670,23,,,0,105,,4671,23,,,0,100,,4672,23,,,0,100,,4673,23,,,0
1600,'1',856,,4674,2,,,0,145,,4675,2,,,0,105,,4676,2,,,0,105,,4677,2,,,0,105,,4678,2,,,0,105,,4679,2,,,0,105,,4680,2,,,0,105,,4681,2,,,0,105,,4682,2,,,0,105,,4683,2,,,0,105,,4684,2,,,0,100,,4685,2,,,0,100,,4686,2,,,0,100,,4687,2,,,0
1600,'2',1001,,4695,2,,,0,105,,4688,2,,,0,105,,4689,2,,,0,105,,4690,2,,,0,105,,4691,2,,,0,105,,4692,2,,,0,105,,4693,2,,,0,105,,4694,2,,,0
1600,'5',716,,4696,2,,,0,105,,4697,2,,,0,35,,4710,2,,,0,70,,4698,2,,,0,105,,4699,2,,,0,105,,4700,2,,,0,110,,4701,2,,,0,110,,4702,2,,,0,75,,4711,2,,,0,75,,4703,2,,,0,35,,4712,2,,,0,75,,4704,2,,,0,35,,4713,2,,,0,75,,4705,2,,,0,75,,4714,2,,,0,30,,4706,2,,,0,105,,4707,2,,,0,105,,4708,2,,,0,105,,4709,2,,,0
2301,'1',1040,,5160,27,,,0,105,,5161,27,,,0,105,,5162,27,,,0,105,,5163,27,,,0,145,,5164,27,,,0,105,,5165,27,,,0,105,,5166,27,,,0,105,,5167,27,,,0
2301,'2',1040,,5168,27,,,0,105,,5169,27,,,0,105,,5170,27,,,0,105,,5171,27,,,0,145,,5172,27,,,0,105,,5173,27,,,0,105,,5174,27,,,0
2301,'5',653,,5175,15,,,0,105,,5176,15,,,0,145,,5177,15,,,0,105,,5178,15,,,0,105,,5179,15,,,0,105,,5180,15,,,0,110,,5181,15,,,0,110,,5182,15,,,0,110,,5183,15,,,0,110,,5184,15,,,0,150,,5185,15,,,0,102,,5186,27,,,0,105,,5187,27,,,0,105,,5188,27,,,0,102,,5189,27,,,0,100,,5190,27,,,0
