100,'1',807,,3652,37,4,,0,105,,3653,37,4,,0,30,,3662,37,4,,0,75,,3654,37,4,,0,30,,3663,37,4,,0,75,,3655,37,4,,0,30,,3664,37,4,,0,75,,3656,37,4,,0,30,,3665,37,4,,0,75,,3657,37,4,,0,70,,3666,37,4,,0,35,,3658,37,4,,0,70,,3667,37,4,,0,35,,3659,37,4,,0,70,,3668,37,4,,0,35,,3660,37,4,,0,70,,3669,37,4,,0,35,,3661,37,4,,0,105,,3670,37,4,,0,143,,3671,37,4,,0,100,,3672,37,4,,0,100,,3673,37,4,,0,100,,3674,37,4,,0,100,,3675,37,4,,0
100,'2',912,,3676,37,4,,0,105,,3677,37,4,,0,105,,3678,37,4,,0,105,,3679,37,4,,0,105,,3680,37,4,,0,105,,3681,37,4,,0,105,,3682,37,4,,0,105,,3683,37,4,,0,105,,3684,37,4,,0,105,,3685,37,4,,0,143,,3686,37,4,,0
100,'5',702,,3697,38,4,,0,30,,3687,38,4,,0,83,,3698,38,4,,0,30,,3688,38,4,,0,75,,3708,38,4,,0,10,,3699,38,4,,0,70,,3689,38,4,,0,45,,3700,38,4,,0,70,,3690,38,4,,0,85,,3701,38,4,,0,35,,3691,38,4,,0,80,,3702,38,4,,0,35,,3692,38,4,,0,80,,3703,38,4,,0,75,,3693,38,4,,0,40,,3704,38,4,,0,55,,3714,38,4,,0,20,,3694,38,4,,0,80,,3705,38,4,,0,15,,3715,38,4,,0,20,,3695,38,4,,0,72,,3706,38,4,,0,40,,3696,37,4,,0,65,,3707,37,4,,0,40,,3709,37,4,,0,105,,3710,37,4,,0,143,,3711,37,4,,0,100,,3712,37,4,,0,100,,3713,37,4,,0
101,'1',807,,3716,1,,,0,105,,3717,1,,,0,30,,3726,1,,,0,75,,3718,1,,,0,30,,3727,1,,,0,75,,3719,1,,,0,30,,3728,1,,,0,75,,3720,1,,,0,30,,3729,1,,,0,75,,3721,1,,,0,70,,3730,1,,,0,35,,3722,1,,,0,70,,3731,1,,,0,35,,3723,1,,,0,70,,3732,1,,,0,35,,3724,1,,,0,70,,3733,1,,,0,35,,3725,1,,,0,105,,3734,1,,,0,143,,3735,1,,,0,100,,3736,1,,,0,100,,3737,1,,,0,100,,3738,1,,,0,100,,3739,1,,,0
101,'2',912,,3740,1,,,0,105,,3741,1,,,0,105,,3742,1,,,0,105,,3743,1,,,0,105,,3744,1,,,0,105,,3745,1,,,0,105,,3746,1,,,0,105,,3747,1,,,0,105,,3748,1,,,0,105,,3749,1,,,0,143,,3750,1,,,0
101,'5',630,,3751,1,,,0,72,,3762,1,,,0,30,,3752,1,,,0,83,,3763,1,,,0,30,,3753,1,,,0,75,,3774,1,,,0,10,,3764,1,,,0,70,,3754,1,,,0,45,,3765,1,,,0,70,,3755,1,,,0,85,,3766,1,,,0,35,,3756,1,,,0,80,,3767,1,,,0,35,,3757,1,,,0,80,,3768,1,,,0,75,,3758,1,,,0,40,,3769,1,,,0,55,,3780,1,,,0,20,,3759,1,,,0,80,,3770,1,,,0,15,,3781,1,,,0,20,,3760,1,,,0,72,,3771,1,,,0,40,,3761,1,,,0,65,,3772,1,,,0,40,,3775,1,,,0,105,,3776,1,,,0,143,,3777,1,,,0,100,,3778,1,,,0,100,,3779,1,,,0
1300,'5',840,,4506,16,4,,0
1301,'5',840,,4507,1,,,0
1400,'1',830,,4508,6,,,0,105,,4509,6,,,0,105,,4510,6,,,0,105,,4511,6,,,0,105,,4512,6,,,0,105,,4513,6,,,0,145,,4514,6,,,0,105,,4515,6,,,0,105,,4516,6,,,0
1400,'2',935,,4517,6,,,0,105,,4518,6,,,0,105,,4519,6,,,0,105,,4520,6,,,0,105,,4521,6,,,0,145,,4522,6,,,0,105,,4523,6,,,0
1400,'5',725,,4524,6,,,0,75,,4538,6,,,0,30,,4525,6,,,0,75,,4539,6,,,0,30,,4526,6,,,0,105,,4527,6,,,0,105,,4528,6,,,0,110,,4529,6,,,0,150,,4530,6,,,0,30,,4540,6,,,0,80,,4531,6,,,0,30,,4541,6,,,0,80,,4532,6,,,0,30,,4542,6,,,0,80,,4533,6,,,0,105,,4534,6,,,0,105,,4535,6,,,0,105,,4536,6,,,0,100,,4537,6,,,0
1401,'1',809,,4543,27,,,0,105,,4544,27,,,0,105,,4545,27,,,0,105,,4546,27,,,0,105,,4547,27,,,0,105,,4548,27,,,0,105,,4549,27,,,0,105,,4550,27,,,0,105,,4551,27,,,0,105,,4552,27,,,0
1401,'2',1019,,4553,27,,,0,105,,4554,27,,,0,105,,4555,27,,,0,105,,4556,27,,,0,105,,4557,27,,,0,105,,4558,27,,,0,105,,4559,27,,,0
1401,'5',704,,4560,27,,,0,35,,4575,27,,,0,70,,4561,27,,,0,35,,4576,27,,,0,70,,4562,27,,,0,35,,4577,27,,,0,70,,4563,27,,,0,105,,4564,27,,,0,105,,4565,27,,,0,110,,4566,27,,,0,110,,4567,27,,,0,70,,4578,27,,,0,40,,4568,27,,,0,70,,4579,27,,,0,80,,4569,27,,,0,30,,4580,27,,,0,80,,4570,27,,,0,105,,4571,27,,,0,105,,4572,27,,,0,101,,4573,27,,,0,100,,4574,27,,,0
