1001,'1',654,,771,21,0,21 22,0,150,,745,21,0,21 22,0,30,,764,21,0,21 22,0,105,,746,21,0,21 22,0,70,,765,21,0,21 22,0,20,,776,21,0,21 22,0,85,,747,21,0,21 22,0,35,,766,21,0,21 22,0,55,,775,21,0,21 22,0,15,,756,21,0,21 22,0,35,,748,21,0,21 22,0,70,,767,21,0,21 22,0,15,,772,21,0,21 22,0,20,,757,21,0,21 22,0,70,,749,21,0,21 22,0,75,,768,21,0,21 22,0,15,,773,21,0,21 22,0,15,,758,21,0,21 22,0,75,,750,21,0,21 22,0,30,,769,21,0,21 22,0,20,,774,21,0,21 22,0,55,,759,21,0,21 22,0,30,,751,21,0,21 22,0,75,,770,21,0,21 22,0,30,,760,21,0,21 22,0,75,,752,21,0,21 22,0,30,,777,21,0,21 22,0,70,,761,21,0,21 22,0,30,,753,21,0,21 22,0,70,,778,21,0,21 22,0,30,,762,21,0,21 22,0,70,,754,21,0,21 22,0,30,,779,21,0,21 22,0,75,,763,21,0,21 22,0,25,,755,21,0,21 22,0
1001,'2',909,,795,21,0,21 22,0,30,,780,21,0,21 22,0,70,,796,21,0,21 22,0,35,,793,21,0,21 22,0,70,,781,21,0,21 22,0,35,,797,21,0,21 22,0,70,,787,21,0,21 22,0,35,,782,21,0,21 22,0,70,,798,21,0,21 22,0,35,,788,21,0,21 22,0,70,,783,21,0,21 22,0,75,,799,21,0,21 22,0,30,,789,21,0,21 22,0,75,,784,21,0,21 22,0,30,,800,21,0,21 22,0,75,,790,21,0,21 22,0,30,,785,21,0,21 22,0,75,,801,21,0,21 22,0,30,,791,21,0,21 22,0,75,,786,21,0,21 22,0,100,,792,21,0,21 22,0
1001,'5',654,,813,21,0,21 22,0,75,,824,21,0,21 22,0,30,,802,21,0,21 22,0,75,,814,21,0,21 22,0,15,,834,21,0,21 22,0,55,,825,21,0,21 22,0,15,,835,21,0,21 22,0,20,,803,21,0,21 22,0,70,,815,21,0,21 22,0,15,,842,21,0,21 22,0,20,,826,21,0,21 22,0,70,,804,21,0,21 22,0,35,,816,21,0,21 22,0,55,,843,21,0,21 22,0,17,,827,21,0,21 22,0,35,,805,21,0,21 22,0,75,,817,21,0,21 22,0,15,,844,21,0,21 22,0,63,,828,21,0,21 22,0,32,,806,21,0,21 22,0,75,,818,21,0,21 22,0,20,,836,21,0,21 22,0,18,,829,21,0,21 22,0,55,,838,21,0,21 22,0,17,,807,21,0,21 22,0,20,,831,21,0,21 22,0,55,,819,21,0,21 22,0,20,,837,21,0,21 22,0,18,,830,21,0,21 22,0,10,,839,21,0,21 22,0,60,,808,21,0,21 22,0,20,,832,21,0,21 22,0,15,,820,21,0,21 22,0,60,,841,21,0,21 22,0,30,,840,21,0,21 22,0,15,,809,21,0,21 22,0,55,,833,21,0,21 22,0,15,,821,21,0,21 22,0,105,,810,21,0,21 22,0,30,,822,21,0,21 22,0,100,,811,21,0,21 22,0,70,,823,21,0,21 22,0,100,,812,21,0,21 22,0
1501,'1',934,,1133,28,,,0,105,,1134,28,,,0,105,,1135,28,,,0,105,,1136,28,,,0,105,,1137,28,,,0,105,,1138,28,,,0,145,,1139,28,,,0,105,,1140,28,,,0,105,,1141,28,,,0,105,,1142,28,,,0,100,,1143,28,,,0,100,,1144,28,,,0,100,,1145,28,,,0,100,,1146,28,,,0
1501,'2',934,,1147,28,,,0,105,,1148,28,,,0,105,,1149,28,,,0,105,,1150,28,,,0,105,,1151,28,,,0,105,,1152,28,,,0,145,,1153,28,,,0,105,,1154,28,,,0,105,,1155,28,,,0,105,,1156,28,,,0,100,,1157,28,,,0
1501,'5',649,,1158,28,,,0,75,,1170,28,,,0,30,,1159,28,,,0,75,,1171,28,,,0,30,,1160,28,,,0,75,,1172,28,,,0,70,,1161,28,,,0,35,,1173,28,,,0,70,,1162,28,,,0,35,,1174,28,,,0,70,,1163,28,,,0,35,,1175,28,,,0,75,,1164,28,,,0,35,,1176,28,,,0,75,,1165,28,,,0,75,,1177,28,,,0,35,,1166,28,,,0,75,,1178,28,,,0,35,,1167,28,,,0,75,,1179,28,,,0,75,,1168,28,,,0,35,,1180,28,,,0,70,,1169,28,,,0,105,,1181,28,,,0,105,,1182,28,,,0,100,,1183,28,,,0,100,,1184,28,,,0
1600,'1',857,,1185,5,0,18 19,0,145,,1186,5,0,18 19,0,105,,1187,5,0,18 19,0,105,,1188,5,0,18 19,0,105,,1189,5,0,18 19,0,105,,1190,5,0,18 19,0,105,,1191,5,0,18 19,0,105,,1192,5,0,18 19,0,105,,1193,5,0,18 19,0,105,,1194,5,0,18 19,0,105,,1195,5,0,18 19,0,100,,1196,5,0,18 19,0,100,,1197,5,0,18 19,0,100,,1198,5,0,18 19,0
1600,'2',1002,,1206,5,0,18 19,0,105,,1199,5,0,18 19,0,105,,1200,5,0,18 19,0,105,,1201,5,0,18 19,0,105,,1202,5,0,18 19,0,105,,1203,5,0,18 19,0,105,,1204,5,0,18 19,0,105,,1205,5,0,18 19,0
1600,'5',718,,1207,5,0,18 19,0,105,,1208,5,0,18 19,0,34,,1221,5,0,5 8,0,71,,1209,5,0,18 19,0,30,,1222,5,0,18 19,0,75,,1210,5,0,18 19,0,70,,1223,5,0,18 19,0,35,,1211,5,0,18 19,0,75,,1224,5,0,18 19,0,35,,1212,5,0,18 19,0,75,,1225,5,0,18 19,0,35,,1213,5,0,18 19,0,75,,1226,5,0,18 19,0,75,,1214,5,0,18 19,0,35,,1227,5,0,18 19,0,75,,1215,5,0,18 19,0,35,,1228,5,0,18 19,0,75,,1216,5,0,18 19,0,74,,1229,5,0,5 8,0,31,,1217,5,0,18 19,0,105,,1218,5,0,18 19,0,105,,1219,5,0,18 19,0,104,,1220,5,0,18 19,0
2301,'1',1043,,1690,30,,,0,105,,1691,30,,,0,105,,1692,30,,,0,105,,1693,30,,,0,145,,1694,30,,,0,105,,1695,30,,,0,105,,1696,30,,,0,105,,1697,30,,,0
2301,'2',1043,,1698,30,,,0,105,,1699,30,,,0,105,,1700,30,,,0,105,,1701,30,,,0,145,,1702,30,,,0,105,,1703,30,,,0,105,,1704,30,,,0
2301,'5',654,,1705,21,0,5,0,105,,1706,21,0,5,0,145,,1707,21,0,5,0,105,,1708,21,0,5,0,105,,1709,21,0,5,0,105,,1710,21,0,5,0,110,,1711,21,0,5,0,110,,1712,21,0,5,0,110,,1713,21,0,5,0,110,,1714,21,0,5,0,150,,1715,21,0,5,0,104,,1716,30,,,0,105,,1717,30,,,0,105,,1718,30,,,0,101,,1719,30,,,0,100,,1720,30,,,0
