900,'5',720,,4152,9,,,0,105,,4153,9,,,0,105,,4154,9,,,0,105,,4155,9,,,0,105,,4156,9,,,0,110,,4157,9,,,0,150,,4158,9,,,0,110,,4159,9,,,0,110,,4160,9,,,0,110,,4161,9,,,0
901,'5',701,,4162,33,,,0,105,,4163,33,,,0,105,,4164,33,,,0,105,,4165,33,,,0,105,,4166,33,,,0,105,,4167,33,,,0,110,,4168,33,,,0,110,,4169,33,,,0,110,,4170,33,,,0,150,,4171,33,,,0,110,,4172,33,,,0
1401,'1',806,,4543,24,,,0,105,,4544,24,,,0,105,,4545,24,,,0,105,,4546,24,,,0,105,,4547,24,,,0,105,,4548,24,,,0,105,,4549,24,,,0,105,,4550,24,,,0,105,,4551,24,,,0,105,,4552,24,,,0
1401,'2',1016,,4553,24,,,0,105,,4554,24,,,0,105,,4555,24,,,0,105,,4556,24,,,0,105,,4557,24,,,0,105,,4558,24,,,0,105,,4559,24,,,0
1401,'5',701,,4560,24,,,0,35,,4575,24,,,0,70,,4561,24,,,0,35,,4576,24,,,0,70,,4562,24,,,0,35,,4577,24,,,0,70,,4563,24,,,0,105,,4564,24,,,0,105,,4565,24,,,0,110,,4566,24,,,0,110,,4567,24,,,0,70,,4578,24,,,0,40,,4568,24,,,0,70,,4579,24,,,0,80,,4569,24,,,0,30,,4580,24,,,0,80,,4570,24,,,0,105,,4571,24,,,0,105,,4572,24,,,0,101,,4573,24,,,0,100,,4574,24,,,0
2300,'1',958,,5130,11,,,0,145,,5131,11,,,0,105,,5132,11,,,0,105,,5133,11,,,0,105,,5134,11,,,0,105,,5135,11,,,0,105,,5136,11,,,0,105,,5137,11,,,0
2300,'2',958,,5138,11,,,0,145,,5139,11,,,0,105,,5140,11,,,0,105,,5141,11,,,0,105,,5142,11,,,0,105,,5143,11,,,0,105,,5144,11,,,0
2300,'5',1828,,5155,11,,,0,105,,5156,11,,,0,105,,5157,11,,,0,103,,5158,11,,,0,100,,5159,11,,,0
2301,'1',1029,,5160,18,,,0,105,,5161,18,,,0,105,,5162,18,,,0,105,,5163,18,,,0,105,,5164,18,,,0,105,,5165,18,,,0,105,,5166,18,,,0,145,,5167,18,,,0
2301,'2',1029,,5168,18,,,0,105,,5169,18,,,0,105,,5170,18,,,0,105,,5171,18,,,0,105,,5172,18,,,0,105,,5173,18,,,0,105,,5174,18,,,0
2301,'5',1859,,5186,18,,,0,145,,5187,18,,,0,105,,5188,18,,,0,103,,5189,18,,,0,100,,5190,18,,,0
