200,'1',835,,210,64,,,0,105,,218,64,,,0,70,,226,64,,,0,35,,211,64,,,0,70,,232,64,,,0,35,,219,64,,,0,70,,227,64,,,0,35,,212,64,,,0,70,,233,64,,,0,75,,220,64,,,0,30,,228,64,,,0,75,,213,64,,,0,30,,234,64,,,0,75,,221,64,,,0,30,,229,64,,,0,75,,214,64,,,0,30,,235,64,,,0,75,,222,64,,,0,30,,230,64,,,0,75,,215,64,,,0,30,,236,64,,,0,71,,223,64,,,0,30,,231,64,,,0,70,,216,64,,,0,30,,238,64,,,0,70,,224,64,,,0,30,,237,64,,,0,70,,217,64,,,0,96,,225,64,,,0
200,'2',940,,244,64,,,0,105,,239,64,,,0,70,,253,64,,,0,35,,245,64,,,0,70,,250,64,,,0,35,,240,64,,,0,70,,254,64,,,0,75,,246,64,,,0,30,,251,64,,,0,75,,241,64,,,0,30,,255,64,,,0,75,,247,64,,,0,30,,252,64,,,0,75,,242,64,,,0,30,,256,64,,,0,75,,248,64,,,0,30,,257,64,,,0,75,,243,64,,,0,30,,258,64,,,0,71,,249,64,,,0
200,'5',730,,282,64,,,0,70,,267,64,,,0,35,,275,64,,,0,15,,292,64,,,0,55,,259,64,,,0,15,,293,64,,,0,20,,283,64,,,0,70,,268,64,,,0,35,,276,64,,,0,70,,260,64,,,0,35,,284,64,,,0,70,,269,64,,,0,35,,277,64,,,0,75,,261,64,,,0,75,,285,64,,,0,35,,270,64,,,0,75,,278,64,,,0,35,,262,64,,,0,55,,290,64,,,0,20,,286,64,,,0,20,,294,64,,,0,55,,271,64,,,0,15,,291,64,,,0,20,,279,64,,,0,20,,295,64,,,0,55,,263,64,,,0,15,,296,64,,,0,20,,287,64,,,0,70,,272,64,,,0,35,,280,64,,,0,70,,264,64,,,0,35,,288,64,,,0,70,,273,64,,,0,31,,281,64,,,0,70,,265,64,,,0,30,,289,64,,,0,70,,274,64,,,0,96,,266,64,,,0
1101,'1',939,,863,31,,,0,105,,864,31,,,0,105,,865,31,,,0,105,,866,31,,,0,105,,867,31,,,0,145,,868,31,,,0,105,,869,31,,,0,105,,870,31,,,0,105,,871,31,,,0
1101,'5',729,,872,31,,,0,105,,873,31,,,0,105,,874,31,,,0,105,,875,31,,,0,105,,876,31,,,0,105,,877,31,,,0,150,,878,31,,,0,110,,879,31,,,0,110,,880,31,,,0,110,,881,31,,,0,110,,882,31,,,0
1200,'1',904,,883,30,,,0,35,,897,30,,,0,70,,884,30,,,0,35,,898,30,,,0,70,,885,30,,,0,35,,899,30,,,0,70,,886,30,,,0,35,,900,30,,,0,70,,887,30,,,0,35,,901,30,,,0,70,,888,30,,,0,75,,902,30,,,0,30,,889,30,,,0,75,,903,30,,,0,30,,890,30,,,0,75,,904,30,,,0,30,,891,30,,,0,75,,905,30,,,0,30,,892,30,,,0,105,,893,30,,,0,100,,894,30,,,0,100,,895,30,,,0,100,,896,30,,,0
1200,'2',904,,906,30,,,0,105,,907,30,,,0,105,,908,30,,,0,105,,909,30,,,0,105,,910,30,,,0,105,,911,30,,,0,105,,912,30,,,0,105,,913,30,,,0,105,,914,30,,,0,105,,915,30,,,0,105,,916,30,,,0
1200,'5',729,,927,29,0,5,0,30,,917,29,0,5,0,75,,928,29,0,5,0,70,,918,29,0,5,0,35,,929,30,,,0,70,,919,30,,,0,35,,930,30,,,0,70,,920,30,,,0,35,,931,30,,,0,75,,921,30,,,0,35,,932,30,,,0,75,,922,30,,,0,75,,933,30,,,0,35,,923,30,,,0,75,,934,30,,,0,35,,924,30,,,0,75,,935,30,,,0,75,,925,30,,,0,35,,936,30,,,0,70,,926,30,,,0,35,,937,30,,,0,105,,938,30,,,0,105,,939,30,,,0,100,,940,30,,,0,100,,941,30,,,0,100,,942,30,,,0
1900,'1',759,,1369,35,,,0,145,,1370,35,,,0,105,,1371,35,,,0,105,,1372,35,,,0,105,,1373,35,,,0,35,,1385,35,,,0,70,,1374,35,,,0,35,,1386,35,,,0,70,,1375,35,,,0,75,,1387,35,,,0,30,,1376,35,,,0,75,,1388,35,,,0,30,,1377,35,,,0,105,,1378,35,,,0,105,,1379,35,,,0,105,,1380,35,,,0,100,,1381,35,,,0,100,,1382,35,,,0,100,,1383,35,,,0,100,,1384,35,,,0
1900,'2',904,,1389,35,,,0,105,,1390,35,,,0,105,,1391,35,,,0,105,,1392,35,,,0,105,,1393,35,,,0,105,,1394,35,,,0,105,,1395,35,,,0,105,,1396,35,,,0,105,,1397,35,,,0,105,,1398,35,,,0,105,,1399,35,,,0
1900,'5',729,,1400,35,,,0,30,,1403,35,,,0,75,,1401,35,,,0,70,,1404,35,,,0,35,,1402,35,,,0,70,,1405,35,,,0,35,,1421,35,,,0,70,,1406,35,,,0,35,,1422,35,,,0,75,,1407,35,,,0,35,,1423,35,,,0,75,,1408,35,,,0,75,,1424,35,,,0,35,,1409,35,,,0,75,,1425,35,,,0,35,,1410,35,,,0,75,,1413,35,,,0,75,,1411,35,,,0,35,,1414,35,,,0,70,,1412,35,,,0,35,,1415,35,,,0,105,,1416,35,,,0,105,,1417,35,,,0,100,,1418,35,,,0,100,,1419,35,,,0,95,,1420,35,,,0
