100,'1',753,,1830,28,,,0,105,,1831,28,,,0,70,,1840,28,,,0,75,,1832,28,,,0,30,,1841,28,,,0,75,,1833,28,,,0,30,,1842,28,,,0,75,,1834,28,,,0,30,,1843,28,,,0,75,,1835,28,,,0,30,,1844,28,,,0,75,,1836,28,,,0,30,,1845,28,,,0,75,,1837,28,,,0,30,,1846,28,,,0,75,,1838,28,,,0,70,,1847,28,,,0,35,,1839,28,,,0,70,,1854,28,,,0,35,,1848,28,,,0,70,,1855,28,,,0,35,,1849,28,,,0,70,,1856,28,,,0,30,,1850,28,,,0,70,,1857,28,,,0,30,,1851,28,,,0,70,,1858,28,,,0,30,,1852,28,,,0,70,,1859,28,,,0,30,,1853,28,,,0
100,'2',858,,1860,28,,,0,70,,1871,28,,,0,75,,1861,28,,,0,30,,1872,28,,,0,75,,1862,28,,,0,30,,1873,28,,,0,75,,1863,28,,,0,30,,1874,28,,,0,75,,1864,28,,,0,30,,1875,28,,,0,75,,1865,28,,,0,30,,1876,28,,,0,75,,1866,28,,,0,30,,1877,28,,,0,75,,1867,28,,,0,70,,1878,28,,,0,35,,1868,28,,,0,70,,1879,28,,,0,35,,1869,28,,,0,70,,1880,28,,,0,35,,1870,28,,,0
100,'5',648,,1891,28,,,0,70,,1881,28,,,0,10,,1918,28,,,0,20,,1919,28,,,0,10,,1892,28,,,0,55,,1904,28,,,0,15,,1882,28,,,0,15,,1903,28,,,0,60,,1902,28,,,0,10,,1893,28,,,0,20,,1905,28,,,0,10,,1883,28,,,0,65,,1906,28,,,0,20,,1894,28,,,0,30,,1884,28,,,0,65,,1907,28,,,0,20,,1895,28,,,0,15,,1920,28,,,0,60,,1885,28,,,0,20,,1908,28,,,0,20,,1896,28,,,0,55,,1921,28,,,0,20,,1886,28,,,0,20,,1909,28,,,0,60,,1897,28,,,0,10,,1913,28,,,0,15,,1922,28,,,0,10,,1887,28,,,0,60,,1910,28,,,0,20,,1898,28,,,0,10,,1914,28,,,0,15,,1923,28,,,0,55,,1888,28,,,0,15,,1911,28,,,0,20,,1899,28,,,0,10,,1915,28,,,0,55,,1924,28,,,0,15,,1889,28,,,0,15,,1912,28,,,0,15,,1900,28,,,0,50,,1916,28,,,0,30,,1890,28,,,0,25,,1901,28,,,0,80,,1917,28,,,0,70,,1930,28,,,0,35,,1926,28,,,0,71,,1931,28,,,0,30,,1927,28,,,0,70,,1932,28,,,0,30,,1928,28,,,0,70,,1933,28,,,0,30,,1929,28,,,0
1001,'1',649,,2600,16,,,0,109,,2574,16,,,0,70,,2593,16,,,0,105,,2575,16,,,0,70,,2594,16,,,0,20,,2605,16,,,0,85,,2576,16,,,0,35,,2595,16,,,0,15,,2604,16,,,0,55,,2585,16,,,0,35,,2577,16,,,0,70,,2596,16,,,0,15,,2601,16,,,0,20,,2586,16,,,0,70,,2578,16,,,0,35,,2597,16,,,0,55,,2602,16,,,0,15,,2587,16,,,0,75,,2579,16,,,0,30,,2598,16,,,0,20,,2603,16,,,0,55,,2588,16,,,0,30,,2580,16,,,0,75,,2599,16,,,0,30,,2589,16,,,0,75,,2581,16,,,0,30,,2606,16,,,0,71,,2590,16,,,0,30,,2582,16,,,0,70,,2607,16,,,0,30,,2591,16,,,0,70,,2583,16,,,0,30,,2608,16,,,0,74,,2592,16,,,0,26,,2584,16,,,0
1001,'5',648,,2642,16,,,0,75,,2653,16,,,0,30,,2631,16,,,0,75,,2643,16,,,0,15,,2663,16,,,0,15,,2654,16,,,0,55,,2664,16,,,0,20,,2632,16,,,0,70,,2644,16,,,0,15,,2671,16,,,0,20,,2655,16,,,0,70,,2633,16,,,0,35,,2645,16,,,0,15,,2672,16,,,0,55,,2656,16,,,0,35,,2634,16,,,0,75,,2646,16,,,0,15,,2673,16,,,0,65,,2657,16,,,0,30,,2635,16,,,0,75,,2647,16,,,0,20,,2665,16,,,0,20,,2658,16,,,0,55,,2667,16,,,0,15,,2636,16,,,0,20,,2660,16,,,0,15,,2648,16,,,0,60,,2666,16,,,0,20,,2659,16,,,0,10,,2668,16,,,0,60,,2637,16,,,0,20,,2661,16,,,0,15,,2649,16,,,0,20,,2670,16,,,0,70,,2669,16,,,0,15,,2638,16,,,0,15,,2662,16,,,0,55,,2650,16,,,0,105,,2639,16,,,0,31,,2651,16,,,0,100,,2640,16,,,0,70,,2652,16,,,0,100,,2641,16,,,0
1300,'5',823,,2832,7,,,0
1601,'1',853,,3055,24,,,0,105,,3056,24,,,0,145,,3057,24,,,0,105,,3058,24,,,0,105,,3059,24,,,0,105,,3060,24,,,0,105,,3061,24,,,0,105,,3062,24,,,0,105,,3063,24,,,0,105,,3064,24,,,0,105,,3065,24,,,0,100,,3066,24,,,0,100,,3067,24,,,0,100,,3068,24,,,0
1601,'2',958,,3069,24,,,0,145,,3070,24,,,0,105,,3071,24,,,0,105,,3072,24,,,0,105,,3073,24,,,0,105,,3074,24,,,0,105,,3075,24,,,0,105,,3076,24,,,0
1601,'5',713,,3077,24,,,0,105,,3078,24,,,0,105,,3079,24,,,0,30,,3092,24,,,0,75,,3080,24,,,0,30,,3093,24,,,0,75,,3081,24,,,0,75,,3094,24,,,0,35,,3082,24,,,0,75,,3095,24,,,0,35,,3083,24,,,0,75,,3096,24,,,0,75,,3084,24,,,0,35,,3097,24,,,0,75,,3085,24,,,0,35,,3098,24,,,0,75,,3086,24,,,0,35,,3099,24,,,0,70,,3087,24,,,0,105,,3088,24,,,0,105,,3089,24,,,0,105,,3090,24,,,0,100,,3091,24,,,0
2900,'1',1044,,3547,19,,,0,105,,3548,19,,,0,105,,3549,19,,,0,105,,3550,19,,,0,145,,3551,19,,,0,105,,3552,19,,,0
2900,'2',1044,,3553,19,,,0,105,,3554,19,,,0,105,,3555,19,,,0,105,,3556,19,,,0,145,,3557,19,,,0,105,,3558,19,,,0
2900,'5',834,,3560,19,,,0,105,,3559,19,,,0,105,,3561,19,,,0,105,,3562,19,,,0,105,,3563,19,,,0,105,,3564,19,,,0,145,,3565,19,,,0,105,,3566,19,,,0,105,,3567,19,,,0,105,,3568,19,,,0,105,,3569,19,,,0
