200,'1',840,,2039,65,4,,0,105,,2047,65,4,,0,70,,2055,65,4,,0,35,,2040,65,4,,0,70,,2061,65,4,,0,35,,2048,65,4,,0,70,,2056,65,4,,0,75,,2041,65,4,,0,30,,2062,65,4,,0,75,,2049,65,4,,0,30,,2057,65,4,,0,75,,2042,65,4,,0,30,,2063,65,4,,0,75,,2050,65,4,,0,30,,2058,65,4,,0,75,,2043,65,4,,0,30,,2064,65,4,,0,75,,2051,65,4,,0,30,,2059,65,4,,0,75,,2044,65,4,,0,70,,2065,65,4,,0,30,,2052,65,4,,0,70,,2060,65,4,,0,30,,2045,65,4,,0,70,,2067,65,4,,0,30,,2053,65,4,,0,70,,2066,65,4,,0,30,,2046,65,4,,0,95,,2054,65,4,,0
200,'2',945,,2073,65,4,,0,105,,2068,65,4,,0,70,,2082,65,4,,0,35,,2074,65,4,,0,70,,2079,65,4,,0,75,,2069,65,4,,0,30,,2083,65,4,,0,75,,2075,65,4,,0,30,,2080,65,4,,0,75,,2070,65,4,,0,30,,2084,65,4,,0,75,,2076,65,4,,0,30,,2081,65,4,,0,75,,2071,65,4,,0,30,,2085,65,4,,0,75,,2077,65,4,,0,30,,2086,65,4,,0,75,,2072,65,4,,0,70,,2087,65,4,,0,30,,2078,65,4,,0
200,'5',735,,2111,65,4,,0,70,,2096,65,4,,0,35,,2104,65,4,,0,15,,2121,65,4,,0,55,,2088,65,4,,0,15,,2122,65,4,,0,20,,2112,65,4,,0,70,,2097,65,4,,0,35,,2105,65,4,,0,70,,2089,65,4,,0,35,,2113,65,4,,0,70,,2098,65,4,,0,75,,2106,65,4,,0,35,,2090,65,4,,0,75,,2114,65,4,,0,35,,2099,65,4,,0,75,,2107,65,4,,0,35,,2091,65,4,,0,55,,2119,65,4,,0,20,,2115,65,4,,0,20,,2123,65,4,,0,55,,2100,65,4,,0,15,,2120,65,4,,0,20,,2108,65,4,,0,60,,2124,65,4,,0,15,,2092,65,4,,0,15,,2125,65,4,,0,20,,2116,65,4,,0,70,,2101,65,4,,0,35,,2109,65,4,,0,70,,2093,65,4,,0,75,,2117,65,4,,0,30,,2102,65,4,,0,70,,2110,65,4,,0,30,,2094,65,4,,0,70,,2118,65,4,,0,30,,2103,65,4,,0,95,,2095,65,4,,0
201,'1',735,,2134,1,,,0,105,,2126,1,,,0,70,,2147,1,,,0,35,,2135,1,,,0,70,,2142,1,,,0,35,,2127,1,,,0,70,,2148,1,,,0,35,,2136,1,,,0,70,,2143,1,,,0,75,,2128,1,,,0,30,,2149,1,,,0,75,,2137,1,,,0,30,,2144,1,,,0,75,,2129,1,,,0,30,,2150,1,,,0,75,,2138,1,,,0,30,,2145,1,,,0,75,,2130,1,,,0,30,,2151,1,,,0,75,,2139,1,,,0,30,,2146,1,,,0,75,,2131,1,,,0,70,,2152,1,,,0,30,,2140,1,,,0,70,,2153,1,,,0,30,,2132,1,,,0,70,,2154,1,,,0,30,,2141,1,,,0,100,,2133,1,,,0
201,'2',840,,2155,1,,,0,105,,2161,1,,,0,70,,2166,1,,,0,35,,2156,1,,,0,70,,2170,1,,,0,35,,2162,1,,,0,70,,2167,1,,,0,75,,2157,1,,,0,30,,2171,1,,,0,75,,2163,1,,,0,30,,2168,1,,,0,75,,2158,1,,,0,30,,2172,1,,,0,75,,2164,1,,,0,30,,2169,1,,,0,75,,2159,1,,,0,30,,2174,1,,,0,75,,2165,1,,,0,30,,2173,1,,,0,75,,2160,1,,,0
201,'5',630,,2191,1,,,0,70,,2175,1,,,0,35,,2199,1,,,0,70,,2183,1,,,0,15,,2208,1,,,0,20,,2192,1,,,0,70,,2176,1,,,0,35,,2200,1,,,0,70,,2184,1,,,0,35,,2193,1,,,0,70,,2177,1,,,0,35,,2201,1,,,0,75,,2185,1,,,0,75,,2194,1,,,0,35,,2178,1,,,0,75,,2202,1,,,0,35,,2186,1,,,0,55,,2207,1,,,0,20,,2195,1,,,0,20,,2210,1,,,0,55,,2179,1,,,0,15,,2206,1,,,0,20,,2203,1,,,0,20,,2209,1,,,0,55,,2187,1,,,0,15,,2211,1,,,0,20,,2197,1,,,0,70,,2180,1,,,0,35,,2204,1,,,0,70,,2188,1,,,0,35,,2196,1,,,0,70,,2181,1,,,0,75,,2205,1,,,0,30,,2189,1,,,0,70,,2198,1,,,0,30,,2182,1,,,0,100,,2190,1,,,0
1000,'1',705,,2471,16,,,0,30,,2490,16,,,0,105,,2472,16,,,0,70,,2491,16,,,0,105,,2473,16,,,0,35,,2492,16,,,0,55,,2501,16,,,0,15,,2482,16,,,0,35,,2474,16,,,0,70,,2493,16,,,0,15,,2498,16,,,0,60,,2483,16,,,0,30,,2475,16,,,0,75,,2494,16,,,0,10,,2499,16,,,0,20,,2484,16,,,0,75,,2476,16,,,0,30,,2495,16,,,0,15,,2500,16,,,0,60,,2485,16,,,0,30,,2477,16,,,0,75,,2496,16,,,0,30,,2486,16,,,0,75,,2478,16,,,0,30,,2503,16,,,0,75,,2487,16,,,0,70,,2479,16,,,0,30,,2504,16,,,0,70,,2488,16,,,0,30,,2480,16,,,0,70,,2505,16,,,0,30,,2489,16,,,0,70,,2481,16,,,0,25,,2506,16,4,,0
1000,'2',840,,2507,3,,,0,105,,2521,3,,,0,70,,2508,3,,,0,35,,2524,3,,,0,70,,2515,3,,,0,35,,2509,3,,,0,70,,2525,3,,,0,75,,2516,3,,,0,30,,2510,3,,,0,75,,2526,3,,,0,30,,2517,3,,,0,75,,2511,3,,,0,30,,2527,3,,,0,75,,2518,3,,,0,30,,2512,3,,,0,75,,2528,3,,,0,30,,2519,3,,,0,75,,2513,3,,,0,105,,2520,3,,,0,70,,2514,3,,,0
1000,'5',630,,2551,16,,,0,70,,2529,16,,,0,35,,2541,16,,,0,15,,2562,16,,,0,55,,2552,16,,,0,15,,2563,16,,,0,20,,2530,16,,,0,70,,2542,16,,,0,15,,2570,16,,,0,20,,2553,16,,,0,70,,2531,16,,,0,35,,2543,16,,,0,55,,2571,16,,,0,15,,2554,16,,,0,35,,2532,16,,,0,75,,2544,16,,,0,15,,2572,16,,,0,60,,2555,16,,,0,35,,2533,16,,,0,75,,2545,16,,,0,15,,2573,16,,,0,20,,2556,16,,,0,55,,2565,16,,,0,20,,2540,16,,,0,20,,2559,16,,,0,55,,2546,16,,,0,15,,2564,16,,,0,20,,2557,16,,,0,10,,2566,16,,,0,65,,2534,16,,,0,20,,2560,16,,,0,15,,2547,16,,,0,55,,2569,16,,,0,15,,2558,16,4,,0,15,,2567,16,,,0,20,,2535,16,,,0,55,,2561,16,,,0,15,,2548,16,,,0,90,,2568,16,4,,0,15,,2536,16,,,0,75,,2549,16,,,0,100,,2537,16,,,0,30,,2550,16,,,0,100,,2538,16,,,0
1001,'1',700,,2600,22,,,0,110,,2574,22,,,0,30,,2593,22,,,0,105,,2575,22,,,0,70,,2594,22,,,0,20,,2605,22,,,0,85,,2576,22,,,0,35,,2595,22,,,0,55,,2604,22,,,0,15,,2585,22,,,0,75,,2577,22,,,0,30,,2596,22,,,0,15,,2601,22,,,0,60,,2586,22,,,0,30,,2578,22,,,0,75,,2597,22,,,0,15,,2602,22,,,0,15,,2587,22,,,0,75,,2579,22,,,0,30,,2598,22,,,0,60,,2603,22,,,0,15,,2588,22,,,0,30,,2580,22,,,0,75,,2599,22,,,0,30,,2589,22,,,0,75,,2581,22,,,0,70,,2606,22,,,0,30,,2590,22,,,0,70,,2582,22,,,0,30,,2607,22,,,0,70,,2591,22,,,0,30,,2583,22,,,0,70,,2608,22,,,0,35,,2592,22,4,,0,65,,2584,22,,,0
1001,'2',915,,2624,4,,,0,30,,2609,4,,,0,70,,2625,4,,,0,35,,2622,4,,,0,70,,2610,4,,,0,35,,2626,4,,,0,70,,2616,4,,,0,75,,2611,4,,,0,30,,2627,4,,,0,75,,2617,4,,,0,30,,2612,4,,,0,75,,2628,4,,,0,30,,2618,4,,,0,75,,2613,4,,,0,30,,2629,4,,,0,75,,2619,4,,,0,30,,2614,4,,,0,75,,2630,4,,,0,30,,2620,4,,,0,75,,2615,4,,,0,100,,2621,4,4,,0
1001,'5',700,,2642,22,,,0,35,,2653,22,,,0,70,,2631,22,,,0,35,,2643,22,,,0,15,,2663,22,,,0,55,,2654,22,,,0,15,,2664,22,,,0,20,,2632,22,,,0,70,,2644,22,,,0,15,,2671,22,,,0,20,,2655,22,,,0,70,,2633,22,,,0,35,,2645,22,,,0,55,,2672,22,,,0,20,,2656,22,,,0,75,,2634,22,,,0,35,,2646,22,,,0,15,,2673,22,,,0,60,,2657,22,,,0,35,,2635,22,,,0,75,,2647,22,,,0,20,,2665,22,,,0,55,,2658,22,,,0,15,,2667,22,,,0,20,,2636,22,,,0,20,,2660,22,,,0,55,,2648,22,,,0,20,,2666,22,,,0,15,,2659,22,,,0,10,,2668,22,,,0,60,,2637,22,,,0,20,,2661,22,,,0,15,,2649,22,,,0,60,,2670,22,4,,0,30,,2669,22,,,0,15,,2638,22,,,0,55,,2662,22,,,0,15,,2650,22,,,0,105,,2639,22,,,0,70,,2651,22,,,0,100,,2640,22,,,0,30,,2652,22,,,0,100,,2641,22,4,,0
1100,'1',945,,2674,1,,,0,105,,2675,1,,,0,105,,2676,1,,,0,145,,2677,1,,,0,105,,2678,1,,,0,105,,2679,1,,,0,105,,2680,1,,,0,105,,2681,1,,,0
1100,'5',735,,2682,1,,,0,105,,2683,1,,,0,105,,2684,1,,,0,105,,2685,1,,,0,105,,2686,1,,,0,150,,2687,1,,,0,110,,2688,1,,,0,110,,2689,1,,,0,110,,2690,1,,,0,110,,2691,1,,,0
1101,'1',945,,2692,32,4,,0,105,,2693,32,4,,0,105,,2694,32,4,,0,145,,2695,32,4,,0,105,,2696,32,4,,0,105,,2697,32,4,,0,105,,2698,32,4,,0,105,,2699,32,4,,0,105,,2700,32,4,,0
1101,'5',735,,2701,32,4,,0,105,,2702,32,4,,0,105,,2703,32,4,,0,105,,2704,32,4,,0,105,,2705,32,4,,0,145,,2706,32,4,,0,110,,2707,32,4,,0,110,,2708,32,4,,0,110,,2709,32,4,,0,110,,2710,32,4,,0,110,,2711,32,4,,0
1200,'1',910,,2712,31,4,,0,35,,2726,31,4,,0,70,,2713,31,4,,0,35,,2727,31,4,,0,70,,2714,31,4,,0,35,,2728,31,4,,0,70,,2715,31,4,,0,75,,2729,31,4,,0,30,,2716,31,4,,0,75,,2730,31,4,,0,30,,2717,31,4,,0,75,,2731,31,4,,0,30,,2718,31,4,,0,75,,2732,31,4,,0,30,,2719,31,4,,0,75,,2733,31,4,,0,30,,2720,31,4,,0,75,,2734,31,4,,0,30,,2721,31,4,,0,145,,2722,31,4,,0,100,,2723,31,4,,0,100,,2724,31,4,,0,100,,2725,31,4,,0
1200,'2',910,,2735,31,4,,0,105,,2736,31,4,,0,105,,2737,31,4,,0,105,,2738,31,4,,0,105,,2739,31,4,,0,105,,2740,31,4,,0,105,,2741,31,4,,0,105,,2742,31,4,,0,105,,2743,31,4,,0,105,,2744,31,4,,0,145,,2745,31,4,,0
1200,'5',735,,2756,30,4,,0,70,,2746,30,4,,0,35,,2757,30,4,,0,70,,2747,30,4,,0,35,,2758,31,4,,0,70,,2748,31,4,,0,35,,2759,31,4,,0,70,,2749,31,4,,0,35,,2760,31,4,,0,75,,2750,31,4,,0,75,,2761,31,4,,0,35,,2751,31,4,,0,75,,2762,31,4,,0,35,,2752,31,4,,0,75,,2763,31,4,,0,75,,2753,31,4,,0,35,,2764,31,4,,0,75,,2754,31,4,,0,35,,2765,31,4,,0,70,,2755,31,4,,0,35,,2766,31,4,,0,105,,2767,31,4,,0,145,,2768,31,4,,0,100,,2769,31,4,,0,100,,2770,31,4,,0,100,,2771,31,4,,0
1201,'1',840,,2786,1,,,0,70,,2772,1,,,0,35,,2787,1,,,0,70,,2773,1,,,0,35,,2788,1,,,0,70,,2774,1,,,0,35,,2794,1,,,0,70,,2775,1,,,0,75,,2789,1,,,0,30,,2776,1,,,0,75,,2790,1,,,0,30,,2777,1,,,0,75,,2791,1,,,0,30,,2778,1,,,0,75,,2792,1,,,0,30,,2779,1,,,0,75,,2793,1,,,0,30,,2780,1,,,0,75,,2795,1,,,0,30,,2781,1,,,0,145,,2782,1,,,0,100,,2783,1,,,0,100,,2784,1,,,0,100,,2785,1,,,0
1201,'2',910,,2796,1,,,0,105,,2797,1,,,0,105,,2798,1,,,0,105,,2799,1,,,0,105,,2800,1,,,0,105,,2801,1,,,0,105,,2802,1,,,0,105,,2803,1,,,0,105,,2804,1,,,0,105,,2805,1,,,0,145,,2806,1,,,0
1201,'5',700,,2807,1,0,12,0,35,,2817,1,0,12,0,70,,2808,1,0,12,0,35,,2818,1,0,12,0,70,,2809,1,,,0,35,,2819,1,,,0,70,,2810,1,,,0,35,,2820,1,,,0,70,,2811,1,,,0,35,,2821,1,,,0,75,,2812,1,,,0,75,,2822,1,,,0,35,,2813,1,,,0,75,,2823,1,,,0,35,,2814,1,,,0,75,,2824,1,,,0,75,,2815,1,,,0,35,,2825,1,,,0,75,,2816,1,,,0,35,,2826,1,,,0,105,,2827,1,,,0,105,,2828,1,,,0,145,,2829,1,,,0,100,,2830,1,,,0,100,,2831,1,,,0
1500,'1',840,,2907,1,,,0,105,,2908,1,,,0,105,,2909,1,,,0,105,,2910,1,,,0,145,,2911,1,,,0,105,,2912,1,,,0,105,,2913,1,,,0,105,,2914,1,,,0,105,,2915,1,,,0,105,,2916,1,,,0,105,,2917,1,,,0,100,,2918,1,,,0,100,,2919,1,,,0,100,,2920,1,,,0
1500,'2',840,,2921,1,,,0,105,,2922,1,,,0,105,,2923,1,,,0,105,,2924,1,,,0,145,,2925,1,,,0,105,,2926,1,,,0,105,,2927,1,,,0,105,,2928,1,,,0,105,,2929,1,,,0,105,,2930,1,,,0,105,,2931,1,,,0
1500,'5',630,,2943,1,,,0,70,,2932,1,,,0,35,,2944,1,,,0,70,,2933,1,,,0,35,,2945,1,,,0,70,,2934,1,,,0,35,,2946,1,,,0,70,,2935,1,,,0,35,,2947,1,,,0,70,,2936,1,,,0,35,,2948,1,,,0,75,,2937,1,,,0,75,,2949,1,,,0,35,,2938,1,,,0,75,,2950,1,,,0,35,,2939,1,,,0,75,,2951,1,,,0,75,,2940,1,,,0,35,,2952,1,,,0,75,,2941,1,,,0,35,,2953,1,,,0,70,,2942,1,,,0,105,,2954,1,,,0,105,,2955,1,,,0,105,,2956,1,,,0,100,,2957,1,,,0
1501,'1',945,,2958,32,4,,0,105,,2959,32,4,,0,105,,2960,32,4,,0,145,,2961,32,4,,0,105,,2962,32,4,,0,105,,2963,32,4,,0,105,,2964,32,4,,0,105,,2965,32,4,,0,105,,2966,32,4,,0,105,,2967,32,4,,0,100,,2968,32,4,,0,100,,2969,32,4,,0,100,,2970,32,4,,0,100,,2971,32,4,,0
1501,'2',945,,2972,32,4,,0,105,,2973,32,4,,0,105,,2974,32,4,,0,145,,2975,32,4,,0,105,,2976,32,4,,0,105,,2977,32,4,,0,105,,2978,32,4,,0,105,,2979,32,4,,0,105,,2980,32,4,,0,105,,2981,32,4,,0,100,,2982,32,4,,0
1501,'5',700,,2983,32,4,,0,35,,2995,32,4,,0,70,,2984,32,4,,0,35,,2996,32,4,,0,70,,2985,32,4,,0,35,,2997,32,4,,0,70,,2986,32,4,,0,35,,2998,32,4,,0,70,,2987,32,4,,0,35,,2999,32,4,,0,70,,2988,32,4,,0,75,,3000,32,4,,0,35,,2989,32,4,,0,75,,3001,32,4,,0,35,,2990,32,4,,0,75,,3002,32,4,,0,35,,2991,32,4,,0,75,,3003,32,4,,0,75,,2992,32,4,,0,35,,3004,32,4,,0,75,,2993,32,4,,0,35,,3005,32,4,,0,70,,2994,32,4,,0,105,,3006,32,4,,0,105,,3007,32,4,,0,100,,3008,32,4,,0,100,,3009,32,4,,0
1600,'1',910,,3010,10,,,0,105,,3011,10,,,0,105,,3012,10,,,0,105,,3013,10,,,0,105,,3014,10,,,0,105,,3015,10,,,0,105,,3016,10,,,0,105,,3017,10,,,0,105,,3018,10,,,0,105,,3019,10,,,0,145,,3020,10,,,0,100,,3021,10,,,0,100,,3022,10,,,0,100,,3023,10,,,0
1600,'2',1015,,3031,10,,,0,105,,3024,10,,,0,105,,3025,10,,,0,105,,3026,10,,,0,105,,3027,10,,,0,105,,3028,10,,,0,105,,3029,10,,,0,105,,3030,10,,,0
1600,'5',735,,3032,10,,,0,105,,3033,10,,,0,70,,3046,10,0,5 8,0,35,,3034,10,,,0,70,,3047,10,,,0,35,,3035,10,,,0,70,,3048,10,,,0,35,,3036,10,,,0,75,,3049,10,,,0,75,,3037,10,,,0,35,,3050,10,,,0,75,,3038,10,,,0,35,,3051,10,,,0,75,,3039,10,,,0,75,,3052,10,,,0,35,,3040,10,,,0,75,,3053,10,,,0,35,,3041,10,,,0,70,,3054,10,0,5 8,0,35,,3042,10,,,0,105,,3043,10,,,0,145,,3044,10,,,0,100,,3045,10,,,0
1601,'1',840,,3055,17,,,0,105,,3056,17,,,0,105,,3057,17,,,0,105,,3058,17,,,0,145,,3059,17,,,0,105,,3060,17,,,0,105,,3061,17,,,0,105,,3062,17,,,0,105,,3063,17,,,0,105,,3064,17,,,0,105,,3065,17,,,0,100,,3066,17,,,0,100,,3067,17,,,0,100,,3068,17,,,0
1601,'2',945,,3069,17,,,0,105,,3070,17,,,0,105,,3071,17,,,0,145,,3072,17,,,0,105,,3073,17,,,0,105,,3074,17,,,0,105,,3075,17,,,0,105,,3076,17,,,0
1601,'5',700,,3077,17,,,0,105,,3078,17,,,0,105,,3079,17,,,0,30,,3092,17,,,0,75,,3080,17,,,0,30,,3093,17,,,0,75,,3081,17,,,0,35,,3094,17,,,0,75,,3082,17,,,0,75,,3095,17,,,0,35,,3083,17,,,0,75,,3096,17,,,0,35,,3084,17,,,0,75,,3097,17,,,0,75,,3085,17,,,0,35,,3098,17,,,0,75,,3086,17,,,0,35,,3099,17,,,0,70,,3087,17,,,0,105,,3088,17,,,0,105,,3089,17,,,0,105,,3090,17,,,0,100,,3091,17,,,0
1900,'1',805,,3194,36,4,,0,105,,3195,36,4,,0,105,,3196,36,4,,0,105,,3197,36,4,,0,105,,3198,36,4,,0,75,,3210,36,4,,0,30,,3199,36,4,,0,75,,3211,36,4,,0,30,,3200,36,4,,0,75,,3212,36,4,,0,30,,3201,36,4,,0,75,,3213,36,4,,0,30,,3202,36,4,,0,105,,3203,36,4,,0,105,,3204,36,4,,0,145,,3205,36,4,,0,100,,3206,36,4,,0,100,,3207,36,4,,0,100,,3208,36,4,,0,100,,3209,36,4,,0
1900,'2',910,,3214,36,4,,0,105,,3215,36,4,,0,105,,3216,36,4,,0,105,,3217,36,4,,0,105,,3218,36,4,,0,105,,3219,36,4,,0,105,,3220,36,4,,0,105,,3221,36,4,,0,105,,3222,36,4,,0,105,,3223,36,4,,0,145,,3224,36,4,,0
1900,'5',735,,3225,36,4,,0,70,,3228,36,4,,0,35,,3226,36,4,,0,70,,3229,36,4,,0,35,,3227,36,4,,0,70,,3230,36,4,,0,35,,3246,36,4,,0,70,,3231,36,4,,0,35,,3247,36,4,,0,75,,3232,36,4,,0,75,,3248,36,4,,0,35,,3233,36,4,,0,75,,3249,36,4,,0,35,,3234,36,4,,0,75,,3250,36,4,,0,75,,3235,36,4,,0,35,,3238,36,4,,0,75,,3236,36,4,,0,35,,3239,36,4,,0,70,,3237,36,4,,0,35,,3240,36,4,,0,105,,3241,36,4,,0,145,,3242,36,4,,0,100,,3243,36,4,,0,100,,3244,36,4,,0,55,,3245,36,4,,0
1901,'1',805,,3251,1,,,0,105,,3252,1,,,0,105,,3253,1,,,0,105,,3254,1,,,0,35,,3266,1,,,0,70,,3255,1,,,0,75,,3267,1,,,0,30,,3256,1,,,0,75,,3268,1,,,0,30,,3257,1,,,0,75,,3269,1,,,0,30,,3258,1,,,0,105,,3259,1,,,0,105,,3260,1,,,0,105,,3261,1,,,0,145,,3262,1,,,0,100,,3263,1,,,0,100,,3264,1,,,0,100,,3265,1,,,0
1901,'2',910,,3270,1,,,0,105,,3271,1,,,0,105,,3272,1,,,0,105,,3273,1,,,0,105,,3274,1,,,0,105,,3275,1,,,0,105,,3276,1,,,0,105,,3277,1,,,0,105,,3278,1,,,0,105,,3279,1,,,0,145,,3280,1,,,0
1901,'5',630,,3281,1,,,0,70,,3283,1,,,0,35,,3282,1,,,0,70,,3285,1,,,0,35,,3284,1,,,0,70,,3286,1,,,0,35,,3301,1,,,0,70,,3287,1,,,0,35,,3302,1,,,0,70,,3288,1,,,0,35,,3303,1,,,0,75,,3289,1,,,0,75,,3304,1,,,0,35,,3290,1,,,0,75,,3305,1,,,0,35,,3291,1,,,0,75,,3306,1,,,0,75,,3292,1,,,0,35,,3294,1,,,0,75,,3293,1,,,0,35,,3295,1,,,0,105,,3296,1,,,0,105,,3297,1,,,0,145,,3298,1,,,0,100,,3299,1,,,0,100,,3300,1,,,0
2300,'1',945,,3485,1,,,0,105,,3486,1,,,0,105,,3487,1,,,0,145,,3488,1,,,0,105,,3489,1,,,0,105,,3490,1,,,0,105,,3491,1,,,0,105,,3492,1,,,0
2300,'2',945,,3493,1,,,0,105,,3494,1,,,0,105,,3495,1,,,0,145,,3496,1,,,0,105,,3497,1,,,0,105,,3498,1,,,0,105,,3499,1,,,0
2300,'5',700,,3500,1,0,13,0,105,,3501,1,0,13,0,105,,3502,1,0,13,0,105,,3503,1,0,13,0,105,,3504,1,0,13,0,110,,3505,1,0,13,0,110,,3506,1,0,13,0,110,,3507,1,0,13,0,150,,3508,1,0,13,0,110,,3509,1,0,13,0,105,,3510,1,,,0,105,,3511,1,,,0,105,,3512,1,,,0,105,,3513,1,,,0,100,,3514,1,,,0
2301,'1',1050,,3515,31,4,,0,105,,3516,31,4,,0,145,,3517,31,4,,0,105,,3518,31,4,,0,105,,3519,31,4,,0,105,,3520,31,4,,0,105,,3521,31,4,,0,105,,3522,31,4,,0
2301,'2',1050,,3523,31,4,,0,105,,3524,31,4,,0,145,,3525,31,4,,0,105,,3526,31,4,,0,105,,3527,31,4,,0,105,,3528,31,4,,0,105,,3529,31,4,,0
2301,'5',700,,3530,23,4,,0,105,,3531,23,4,,0,105,,3532,23,4,,0,105,,3533,23,4,,0,105,,3534,23,4,,0,105,,3535,23,4,,0,110,,3536,23,4,,0,110,,3537,23,4,,0,110,,3538,23,4,,0,150,,3539,23,4,,0,110,,3540,23,4,,0,105,,3541,31,4,,0,105,,3542,31,4,,0,105,,3543,31,4,,0,100,,3544,31,4,,0,100,,3545,31,4,,0
3000,'1',940,,3593,35,4,,0,105,,3594,35,4,,0,105,,3595,35,4,,0,105,,3596,35,4,,0,145,,3597,35,4,,0,105,,3598,35,4,,0,105,,3599,35,4,,0
3000,'5',735,,3601,35,4,,0,100,,3600,35,4,,0,105,,3605,35,4,,0,105,,3606,35,4,,0,105,,3607,35,4,,0,90,,3608,20,4,,0,100,,3609,20,4,,0,110,,3610,20,4,,0,105,,3602,20,4,,0,150,,3603,20,4,,0,110,,3604,20,4,,0
3001,'1',840,,3611,1,,,0,105,,3612,1,,,0,105,,3613,1,,,0,105,,3614,1,,,0,145,,3615,1,,,0,105,,3616,1,,,0,105,,3617,1,,,0,105,,3618,1,,,0
3001,'5',640,,3623,1,,,0,95,,3619,1,,,0,105,,3625,1,,,0,105,,3626,1,,,0,105,,3627,1,,,0,105,,3628,1,,,0,85,,3630,1,,,0,100,,3629,1,,,0,110,,3620,1,,,0,150,,3621,1,,,0,110,,3622,1,,,0,105,,3624,1,,,0
3300,'5',930,,3631,2,,,0,90,,3632,2,,,0,90,,3633,2,,,0,90,,3634,2,,,0,50,,3635,2,,,0,95,,3636,2,,,0,90,,3637,2,,,0,95,,3638,2,,,0,90,,3639,2,,,0,90,,3640,2,,,0
3301,'5',900,,3641,1,0,12,0,50,,3642,2,,,0,90,,3643,2,,,0,90,,3644,2,,,0,90,,3645,2,,,0,90,,3646,2,,,0,95,,3647,2,,,0,50,,3648,2,,,0,95,,3649,2,,,0,90,,3650,2,,,0,90,,3651,2,,,0
