301,'1',1748,,4020,58,,,0,75,,4040,58,,,0,30,,4031,58,,,0,75,,4021,58,,,0,30,,4041,58,,,0,70,,4032,58,,,0,30,,4022,58,,,0,100,,4033,58,,,0,70,,4023,58,,,0,100,,4034,58,,,0,30,,4024,58,,,0
301,'2',908,,4042,58,,,0,102,,4050,58,,,0,35,,4043,58,,,0,105,,4051,58,,,0,70,,4044,58,,,0,105,,4052,58,,,0,75,,4045,58,,,0,105,,4053,58,,,0,30,,4046,58,,,0,105,,4054,58,,,0,75,,4047,58,,,0,105,,4055,58,,,0,30,,4048,58,,,0,105,,4056,58,,,0,70,,4049,58,,,0
301,'5',1848,,4083,58,,,0,63,,4065,58,,,0,42,,4073,58,,,0,70,,4084,58,,,0,105,,4074,58,,,0,30,,4085,58,,,0,100,,4075,58,,,0,70,,4086,58,,,0,90,,4076,58,,,0
601,'1',837,,4120,15,,,0,105,,4121,15,,,0,105,,4122,15,,,0,105,,4123,15,,,0,105,,4124,15,,,0,145,,4125,15,,,0,105,,4126,15,,,0,105,,4127,15,,,0,105,,4128,15,,,0,105,,4129,15,,,0,105,,4130,15,,,0
601,'2',942,,4131,15,,,0,105,,4132,15,,,0,105,,4133,15,,,0,105,,4134,15,,,0,145,,4135,15,,,0,105,,4136,15,,,0,105,,4137,15,,,0,105,,4138,15,,,0
601,'5',657,,4139,15,,,0,75,,4140,15,,,0,105,,4141,15,,,0,105,,4142,15,,,0,105,,4143,15,,,0,105,,4144,15,,,0,150,,4145,15,,,0,110,,4146,15,,,0,110,,4147,15,,,0,110,,4148,15,,,0,110,,4149,15,,,0,105,,4150,15,,,0,105,,4151,15,,,0
2101,'1',942,,5072,6,,,0,105,,5073,28,,,0,105,,5074,28,,,0,105,,5075,28,,,0,145,,5076,28,,,0,105,,5077,28,,,0,105,,5078,28,,,0,105,,5079,28,,,0,105,,5080,28,,,0,105,,5081,28,,,0,100,,5082,28,,,0,100,,5083,28,,,0,100,,5084,28,,,0,100,,5085,28,,,0
2101,'2',1047,,5086,6,,,0,105,,5087,28,,,0,105,,5088,28,,,0,145,,5089,28,,,0,105,,5090,28,,,0,105,,5091,28,,,0,105,,5092,28,,,0,105,,5093,28,,,0
2101,'5',732,,5094,28,,,0,105,,5095,28,,,0,105,,5096,28,,,0,105,,5097,28,,,0,105,,5098,28,,,0,105,,5099,28,,,0,150,,5100,28,,,0,110,,5101,28,,,0,110,,5102,28,,,0,110,,5103,28,,,0,110,,5104,28,,,0,70,,5105,28,,,0,105,,5106,28,,,0,105,,5107,28,,,0,100,,5108,28,,,0,100,,5109,28,,,0
2201,'5',732,,5120,30,,,0,105,,5121,30,,,0,105,,5122,30,,,0,105,,5126,30,,,0,105,,5127,30,,,0,105,,5128,30,,,0,150,,5129,30,,,0,145,,5125,30,,,0,150,,5123,30,,,0,110,,5124,30,,,0
