900,'5',719,,4152,6,,,0,105,,4153,6,,,0,105,,4154,6,,,0,105,,4155,6,,,0,105,,4156,6,,,0,110,,4157,6,,,0,110,,4158,6,,,0,150,,4159,6,,,0,110,,4160,6,,,0,110,,4161,6,,,0
901,'5',659,,4162,30,,,0,145,,4163,30,,,0,105,,4164,30,,,0,105,,4165,30,,,0,105,,4166,30,,,0,105,,4167,30,,,0,110,,4168,30,,,0,110,,4169,30,,,0,110,,4170,30,,,0,150,,4171,30,,,0,110,,4172,30,,,0
1401,'1',804,,4543,21,,,0,105,,4544,21,,,0,105,,4545,21,,,0,105,,4546,21,,,0,105,,4547,21,,,0,105,,4548,21,,,0,105,,4549,21,,,0,105,,4550,21,,,0,105,,4551,21,,,0,105,,4552,21,,,0
1401,'2',1014,,4553,21,,,0,105,,4554,21,,,0,105,,4555,21,,,0,105,,4556,21,,,0,105,,4557,21,,,0,105,,4558,21,,,0,105,,4559,21,,,0
1401,'5',659,,4560,21,,,0,75,,4575,21,,,0,70,,4561,21,,,0,35,,4576,21,,,0,70,,4562,21,,,0,35,,4577,21,,,0,70,,4563,21,,,0,105,,4564,21,,,0,105,,4565,21,,,0,110,,4566,21,,,0,110,,4567,21,,,0,70,,4578,21,,,0,40,,4568,21,,,0,70,,4579,21,,,0,80,,4569,21,,,0,30,,4580,21,,,0,80,,4570,21,,,0,105,,4571,21,,,0,105,,4572,21,,,0,102,,4573,21,,,0,100,,4574,21,,,0
2300,'1',957,,5130,8,,,0,145,,5131,8,,,0,105,,5132,8,,,0,105,,5133,8,,,0,105,,5134,8,,,0,105,,5135,8,,,0,105,,5136,8,,,0,105,,5137,8,,,0
2300,'2',957,,5138,8,,,0,145,,5139,8,,,0,105,,5140,8,,,0,105,,5141,8,,,0,105,,5142,8,,,0,105,,5143,8,,,0,105,,5144,8,,,0
2300,'5',1827,,5155,8,,,0,105,,5156,8,,,0,105,,5157,8,,,0,102,,5158,8,,,0,100,,5159,8,,,0
2301,'1',1027,,5160,15,,,0,105,,5161,15,,,0,105,,5162,15,,,0,105,,5163,15,,,0,105,,5164,15,,,0,105,,5165,15,,,0,105,,5166,15,,,0,145,,5167,15,,,0
2301,'2',1027,,5168,15,,,0,105,,5169,15,,,0,105,,5170,15,,,0,105,,5171,15,,,0,105,,5172,15,,,0,105,,5173,15,,,0,105,,5174,15,,,0
2301,'5',1857,,5186,15,,,0,145,,5187,15,,,0,105,,5188,15,,,0,103,,5189,15,,,0,100,,5190,15,,,0
