100,'1',736,,3652,2,,,0,105,,3653,2,,,0,70,,3662,2,,,0,35,,3654,2,,,0,70,,3663,2,,,0,35,,3655,2,,,0,70,,3664,2,,,0,35,,3656,2,,,0,70,,3665,2,,,0,75,,3657,2,,,0,30,,3666,2,,,0,75,,3658,2,,,0,30,,3667,2,,,0,75,,3659,2,,,0,30,,3668,2,,,0,75,,3660,2,,,0,30,,3669,2,,,0,75,,3661,2,,,0,105,,3670,2,,,0,105,,3671,2,,,0,100,,3672,2,,,0,100,,3673,2,,,0,100,,3674,2,,,0,100,,3675,2,,,0
100,'2',841,,3676,2,,,0,105,,3677,2,,,0,105,,3678,2,,,0,105,,3679,2,,,0,145,,3680,2,,,0,105,,3681,2,,,0,105,,3682,2,,,0,105,,3683,2,,,0,105,,3684,2,,,0,105,,3685,2,,,0,105,,3686,2,,,0
100,'5',631,,3697,2,,,0,70,,3687,2,,,0,36,,3698,2,,,0,70,,3688,2,,,0,35,,3708,2,,,0,10,,3699,2,,,0,70,,3689,2,,,0,85,,3700,2,,,0,30,,3690,2,,,0,85,,3701,2,,,0,35,,3691,2,,,0,80,,3702,2,,,0,75,,3692,2,,,0,40,,3703,2,,,0,75,,3693,2,,,0,80,,3704,2,,,0,15,,3714,2,,,0,20,,3694,2,,,0,80,,3705,2,,,0,15,,3715,2,,,0,20,,3695,2,,,0,79,,3706,2,,,0,80,,3696,2,,,0,25,,3707,2,,,0,80,,3709,2,,,0,105,,3710,2,,,0,105,,3711,2,,,0,100,,3712,2,,,0,100,,3713,2,,,0
200,'1',737,,3782,2,,,0,105,,3790,2,,,0,70,,3798,2,,,0,35,,3783,2,,,0,70,,3804,2,,,0,35,,3791,2,,,0,70,,3799,2,,,0,35,,3784,2,,,0,70,,3805,2,,,0,75,,3792,2,,,0,30,,3800,2,,,0,75,,3785,2,,,0,30,,3806,2,,,0,75,,3793,2,,,0,30,,3801,2,,,0,75,,3786,2,,,0,30,,3807,2,,,0,75,,3794,2,,,0,30,,3802,2,,,0,75,,3787,2,,,0,30,,3808,2,,,0,75,,3795,2,,,0,70,,3803,2,,,0,30,,3788,2,,,0,100,,3796,2,,,0,100,,3789,2,,,0,100,,3797,2,,,0
200,'2',842,,3814,2,,,0,105,,3809,2,,,0,70,,3823,2,,,0,35,,3815,2,,,0,70,,3820,2,,,0,35,,3810,2,,,0,70,,3824,2,,,0,75,,3816,2,,,0,30,,3821,2,,,0,75,,3811,2,,,0,30,,3825,2,,,0,75,,3817,2,,,0,30,,3822,2,,,0,75,,3812,2,,,0,30,,3826,2,,,0,75,,3818,2,,,0,105,,3813,2,,,0,105,,3819,2,,,0
200,'5',632,,3850,2,,,0,70,,3835,2,,,0,35,,3843,2,,,0,70,,3827,2,,,0,35,,3851,2,,,0,70,,3836,2,,,0,35,,3844,2,,,0,70,,3828,2,,,0,35,,3852,2,,,0,70,,3837,2,,,0,35,,3845,2,,,0,75,,3829,2,,,0,15,,3858,2,,,0,60,,3853,2,,,0,35,,3838,2,,,0,15,,3861,2,,,0,60,,3846,2,,,0,35,,3830,2,,,0,55,,3859,2,,,0,20,,3854,2,,,0,75,,3839,2,,,0,15,,3862,2,,,0,20,,3847,2,,,0,75,,3831,2,,,0,15,,3860,2,,,0,20,,3855,2,,,0,70,,3840,2,,,0,35,,3848,2,,,0,70,,3832,2,,,0,35,,3856,2,,,0,70,,3841,2,,,0,75,,3849,2,,,0,30,,3833,2,,,0,70,,3857,2,,,0,30,,3842,2,,,0,100,,3834,2,,,0
300,'1',737,,3954,3,,,0,75,,3944,3,,,0,30,,3964,3,,,0,70,,3955,3,,,0,35,,3945,3,,,0,70,,3965,3,,,0,35,,3956,3,,,0,70,,3946,3,,,0,35,,3966,3,,,0,70,,3957,3,,,0,75,,3947,3,,,0,30,,3967,3,,,0,75,,3958,3,,,0,30,,3948,3,,,0,75,,3968,3,,,0,30,,3959,3,,,0,75,,3949,3,,,0,30,,3969,3,,,0
300,'5',632,,3993,3,,,0,70,,4004,3,,,0,35,,3986,3,,,0,70,,3994,3,,,0,35,,4005,3,,,0,70,,3987,3,,,0,35,,3995,3,,,0,70,,4006,3,,,0,35,,3988,3,,,0,70,,3996,3,,,0,35,,4007,3,,,0,75,,3989,3,,,0,75,,3997,3,,,0,35,,4008,3,,,0,75,,3990,3,,,0,35,,3998,3,,,0,75,,4009,3,,,0,75,,3991,3,,,0,35,,3999,3,,,0,75,,4010,3,,,0,35,,3992,3,,,0
600,'1',806,,4088,2,,,0,105,,4089,2,,,0,105,,4090,2,,,0,105,,4091,2,,,0,105,,4092,2,,,0,105,,4093,2,,,0,105,,4094,2,,,0,105,,4095,2,,,0,105,,4096,2,,,0,105,,4097,2,,,0,105,,4098,2,,,0
600,'2',911,,4099,2,,,0,105,,4100,2,,,0,105,,4101,2,,,0,105,,4102,2,,,0,105,,4103,2,,,0,105,,4104,2,,,0,105,,4105,2,,,0,105,,4106,2,,,0
600,'5',631,,4107,2,,,0,70,,4108,2,,,0,105,,4109,2,,,0,105,,4110,2,,,0,105,,4111,2,,,0,105,,4112,2,,,0,110,,4113,2,,,0,110,,4114,2,,,0,110,,4115,2,,,0,150,,4116,2,,,0,110,,4117,2,,,0,105,,4118,2,,,0,105,,4119,2,,,0
