100,'1',755,,1,29,,,0,145,,2,29,,,0,30,,11,29,,,0,75,,3,29,,,0,30,,12,29,,,0,75,,4,29,,,0,30,,13,29,,,0,75,,5,29,,,0,30,,14,29,,,0,75,,6,29,,,0,30,,15,29,,,0,75,,7,29,,,0,30,,16,29,,,0,75,,8,29,,,0,70,,17,29,,,0,35,,9,29,,,0,70,,18,29,,,0,35,,10,29,,,0,70,,25,29,,,0,35,,19,29,,,0,70,,26,29,,,0,35,,20,29,,,0,70,,27,29,,,0,30,,21,29,,,0,70,,28,29,,,0,30,,22,29,,,0,70,,29,29,,,0,30,,23,29,,,0,70,,30,29,,,0,30,,24,29,,,0
100,'2',900,,31,29,,,0,30,,42,29,,,0,75,,32,29,,,0,30,,43,29,,,0,75,,33,29,,,0,30,,44,29,,,0,75,,34,29,,,0,30,,45,29,,,0,75,,35,29,,,0,30,,46,29,,,0,75,,36,29,,,0,30,,47,29,,,0,75,,37,29,,,0,70,,48,29,,,0,35,,38,29,,,0,70,,49,29,,,0,35,,39,29,,,0,70,,50,29,,,0,35,,40,29,,,0,70,,51,29,,,0,35,,41,29,,,0
100,'5',650,,62,29,,,0,70,,52,29,,,0,10,,89,29,,,0,20,,90,29,,,0,50,,63,29,,,0,15,,75,29,,,0,15,,53,29,,,0,15,,74,29,,,0,60,,73,29,,,0,10,,64,29,,,0,20,,76,29,,,0,10,,54,29,,,0,65,,77,29,,,0,20,,65,29,,,0,70,,55,29,,,0,25,,78,29,,,0,20,,66,29,,,0,55,,91,29,,,0,20,,56,29,,,0,20,,79,29,,,0,60,,67,29,,,0,15,,92,29,,,0,20,,57,29,,,0,20,,80,29,,,0,60,,68,29,,,0,10,,84,29,,,0,15,,93,29,,,0,10,,58,29,,,0,60,,81,29,,,0,20,,69,29,,,0,10,,85,29,,,0,15,,94,29,,,0,55,,59,29,,,0,15,,82,29,,,0,20,,70,29,,,0,10,,86,29,,,0,55,,95,29,,,0,15,,60,29,,,0,15,,83,29,,,0,15,,71,29,,,0,50,,87,29,,,0,30,,61,29,,,0,65,,72,29,,,0,40,,88,29,,,0,70,,101,29,,,0,35,,97,29,,,0,70,,102,29,,,0,30,,98,29,,,0,70,,103,29,,,0,30,,99,29,,,0,70,,104,29,,,0,30,,100,29,,,0
101,'1',815,,105,7,,,0,105,,106,7,,,0,30,,115,7,,,0,75,,107,7,,,0,30,,116,7,,,0,75,,108,7,,,0,70,,117,7,,,0,35,,109,7,,,0,70,,118,7,,,0,35,,110,7,,,0,70,,119,7,,,0,35,,111,7,,,0,70,,120,7,,,0,35,,112,7,,,0,70,,121,7,,,0,35,,113,7,,,0,70,,122,7,,,0,75,,114,7,,,0,30,,129,7,,,0,75,,123,7,,,0,30,,130,7,,,0,70,,124,7,,,0,30,,131,7,,,0,70,,125,7,,,0,30,,132,7,,,0,70,,126,7,,,0,30,,133,7,,,0,70,,127,7,,,0,30,,134,7,,,0,70,,128,7,,,0
101,'2',920,,135,7,,,0,30,,146,7,,,0,75,,136,7,,,0,30,,147,7,,,0,75,,137,7,,,0,70,,148,7,,,0,35,,138,7,,,0,70,,149,7,,,0,35,,139,7,,,0,70,,150,7,,,0,35,,140,7,,,0,70,,151,7,,,0,35,,141,7,,,0,70,,152,7,,,0,35,,142,7,,,0,70,,153,7,,,0,75,,143,7,,,0,30,,154,7,,,0,75,,144,7,,,0,30,,155,7,,,0,70,,145,7,,,0
101,'5',635,,156,7,,,0,75,,167,7,,,0,30,,157,7,,,0,15,,180,7,,,0,60,,178,7,,,0,10,,168,7,,,0,15,,182,7,,,0,15,,158,7,,,0,55,,181,7,,,0,20,,179,7,,,0,10,,169,7,,,0,60,,183,7,,,0,10,,159,7,,,0,25,,184,7,,,0,20,,170,7,,,0,55,,196,7,,,0,15,,160,7,,,0,25,,185,7,,,0,60,,171,7,,,0,15,,197,7,,,0,20,,161,7,,,0,60,,186,7,,,0,20,,172,7,,,0,15,,198,7,,,0,60,,162,7,,,0,20,,187,7,,,0,20,,173,7,,,0,10,,191,7,,,0,55,,199,7,,,0,10,,163,7,,,0,20,,188,7,,,0,20,,174,7,,,0,50,,192,7,,,0,15,,200,7,,,0,15,,164,7,,,0,15,,189,7,,,0,60,,175,7,,,0,10,,193,7,,,0,15,,201,7,,,0,15,,165,7,,,0,55,,190,7,4,,0,10,,176,7,,,0,10,,194,7,,,0,30,,166,7,,,0,65,,177,7,,,0,80,,195,7,,,0,35,,206,7,,,0,70,,202,7,,,0,30,,207,7,,,0,70,,203,7,,,0,30,,208,7,,,0,70,,204,7,,,0,30,,209,7,,,0,75,,205,7,,,0
900,'5',715,,621,1,,,0,105,,622,1,,,0,105,,623,1,,,0,105,,624,1,,,0,105,,625,1,,,0,110,,626,1,,,0,110,,627,1,,,0,150,,628,1,,,0,110,,629,1,,,0,110,,630,1,,,0
901,'5',715,,631,42,4,,0,105,,632,42,4,,0,105,,633,42,4,,0,105,,634,42,4,,0,105,,635,42,4,,0,105,,636,42,4,,0,110,,637,42,4,,0,150,,638,42,4,,0,110,,639,42,4,,0,110,,640,42,4,,0,110,,641,42,4,,0
1000,'1',715,,642,21,,,0,30,,661,21,,,0,105,,643,21,,,0,70,,662,21,,,0,105,,644,21,,,0,75,,663,21,,,0,15,,672,21,,,0,15,,653,21,,,0,75,,645,21,,,0,30,,664,21,,,0,15,,669,21,,,0,60,,654,21,,,0,30,,646,21,,,0,75,,665,21,,,0,10,,670,21,,,0,20,,655,21,,,0,75,,647,21,,,0,30,,666,21,,,0,55,,671,21,,,0,20,,656,21,,,0,30,,648,21,,,0,75,,667,21,,,0,70,,657,21,,,0,35,,649,21,,,0,70,,674,21,,,0,35,,658,21,,,0,70,,650,21,,,0,30,,675,21,,,0,70,,659,21,,,0,30,,651,21,,,0,70,,676,21,,,0,30,,660,21,,,0,70,,652,21,,,0
1000,'2',850,,678,21,,,0,105,,692,21,,,0,70,,679,21,,,0,75,,695,21,,,0,30,,686,21,,,0,75,,680,21,,,0,30,,696,21,,,0,75,,687,21,,,0,30,,681,21,,,0,75,,697,21,,,0,30,,688,21,,,0,75,,682,21,,,0,30,,698,21,,,0,75,,689,21,,,0,30,,683,21,,,0,75,,699,21,,,0,70,,690,21,,,0,35,,684,21,,,0,105,,691,21,,,0,70,,685,21,,,0
1000,'5',640,,722,21,,,0,70,,700,21,,,0,35,,712,21,,,0,55,,733,21,,,0,15,,723,21,,,0,15,,734,21,,,0,20,,701,21,,,0,70,,713,21,,,0,15,,741,21,,,0,20,,724,21,,,0,70,,702,21,,,0,75,,714,21,,,0,15,,742,21,,,0,15,,725,21,,,0,75,,703,21,,,0,35,,715,21,,,0,15,,743,21,,,0,60,,726,21,,,0,35,,704,21,,,0,75,,716,21,,,0,15,,744,21,,,0,60,,727,21,,,0,15,,736,21,,,0,20,,711,21,,,0,20,,730,21,,,0,55,,717,21,,,0,15,,735,21,,,0,20,,728,21,,,0,10,,737,21,,,0,65,,705,21,,,0,20,,731,21,,,0,15,,718,21,,,0,55,,740,21,,,0,30,,738,21,,,0,60,,706,21,,,0,15,,732,21,,,0,15,,719,21,,,0,105,,707,21,,,0,75,,720,21,,,0,100,,708,21,,,0,30,,721,21,,,0,100,,709,21,,,0
1001,'1',650,,771,17,,,0,150,,745,17,,,0,30,,764,17,,,0,105,,746,17,,,0,70,,765,17,,,0,20,,776,17,,,0,85,,747,17,,,0,35,,766,17,,,0,55,,775,17,,,0,15,,756,17,,,0,35,,748,17,,,0,70,,767,17,,,0,15,,772,17,,,0,20,,757,17,,,0,70,,749,17,,,0,75,,768,17,,,0,15,,773,17,,,0,15,,758,17,,,0,75,,750,17,,,0,30,,769,17,,,0,20,,774,17,,,0,55,,759,17,,,0,30,,751,17,,,0,75,,770,17,,,0,30,,760,17,,,0,75,,752,17,,,0,30,,777,17,,,0,70,,761,17,,,0,30,,753,17,,,0,70,,778,17,,,0,30,,762,17,,,0,70,,754,17,,,0,30,,779,17,,,0,75,,763,17,,,0,25,,755,17,,,0
1001,'2',905,,795,17,,,0,30,,780,17,,,0,70,,796,17,,,0,35,,793,17,,,0,70,,781,17,,,0,35,,797,17,,,0,70,,787,17,,,0,35,,782,17,,,0,70,,798,17,,,0,35,,788,17,,,0,70,,783,17,,,0,75,,799,17,,,0,30,,789,17,,,0,75,,784,17,,,0,30,,800,17,,,0,75,,790,17,,,0,30,,785,17,,,0,75,,801,17,,,0,30,,791,17,,,0,75,,786,17,,,0,100,,792,17,,,0
1001,'5',650,,813,17,,,0,75,,824,17,,,0,30,,802,17,,,0,75,,814,17,,,0,15,,834,17,,,0,55,,825,17,,,0,15,,835,17,,,0,20,,803,17,,,0,70,,815,17,,,0,15,,842,17,,,0,20,,826,17,,,0,70,,804,17,,,0,35,,816,17,,,0,55,,843,17,,,0,15,,827,17,,,0,35,,805,17,,,0,75,,817,17,,,0,15,,844,17,,,0,65,,828,17,,,0,30,,806,17,,,0,75,,818,17,,,0,20,,836,17,,,0,20,,829,17,,,0,55,,838,17,,,0,15,,807,17,,,0,20,,831,17,,,0,15,,819,17,,,0,60,,837,17,,,0,20,,830,17,,,0,10,,839,17,,,0,60,,808,17,,,0,20,,832,17,,,0,15,,820,17,,,0,60,,841,17,,,0,30,,840,17,,,0,15,,809,17,,,0,55,,833,17,,,0,15,,821,17,,,0,105,,810,17,,,0,30,,822,17,,,0,100,,811,17,,,0,70,,823,17,,,0,100,,812,17,,,0
1300,'5',755,,1003,8,,,0,70,,1005,8,,,0,75,,1004,8,,,0
1301,'5',820,,1006,7,,,0,30,,1008,7,4,,0,75,,1007,7,4,,0
1400,'1',820,,1009,1,,,0,105,,1010,1,,,0,105,,1011,1,,,0,105,,1012,1,,,0,105,,1013,1,,,0,105,,1014,1,,,0,105,,1015,1,,,0,105,,1016,1,,,0,145,,1017,1,,,0
1400,'2',925,,1018,1,,,0,105,,1019,1,,,0,105,,1020,1,,,0,105,,1021,1,,,0,105,,1022,1,,,0,105,,1023,1,,,0,105,,1024,1,,,0
1400,'5',715,,1025,1,,,0,35,,1039,1,,,0,70,,1026,1,,,0,35,,1040,1,,,0,70,,1027,1,,,0,105,,1028,1,,,0,105,,1029,1,,,0,110,,1030,1,,,0,110,,1031,1,,,0,70,,1041,1,,,0,80,,1032,1,,,0,30,,1042,1,,,0,80,,1033,1,,,0,30,,1043,1,,,0,80,,1034,1,,,0,105,,1035,1,,,0,105,,1036,1,,,0,105,,1037,1,,,0,100,,1038,1,,,0
1401,'1',820,,1044,33,4,,0,105,,1045,33,4,,0,105,,1046,33,4,,0,105,,1047,33,4,,0,105,,1048,33,4,,0,105,,1049,33,4,,0,105,,1050,33,4,,0,105,,1051,33,4,,0,145,,1052,33,4,,0,105,,1053,33,4,,0
1401,'2',1030,,1054,33,4,,0,105,,1055,33,4,,0,105,,1056,33,4,,0,105,,1057,33,4,,0,105,,1058,33,4,,0,105,,1059,33,4,,0,145,,1060,33,4,,0
1401,'5',715,,1061,33,4,,0,35,,1076,33,4,,0,70,,1062,33,4,,0,35,,1077,33,4,,0,70,,1063,33,4,,0,75,,1078,33,4,,0,30,,1064,33,4,,0,105,,1065,33,4,,0,105,,1066,33,4,,0,110,,1067,33,4,,0,150,,1068,33,4,,0,30,,1079,33,4,,0,80,,1069,33,4,,0,30,,1080,33,4,,0,80,,1070,33,4,,0,30,,1081,33,4,,0,80,,1071,33,4,,0,105,,1072,33,4,,0,105,,1073,33,4,,0,100,,1074,33,4,,0,100,,1075,33,4,,0
1500,'1',850,,1082,10,,,0,105,,1083,10,,,0,145,,1084,10,,,0,105,,1085,10,,,0,105,,1086,10,,,0,105,,1087,10,,,0,105,,1088,10,,,0,105,,1089,10,,,0,105,,1090,10,,,0,105,,1091,10,,,0,105,,1092,10,,,0,100,,1093,10,,,0,100,,1094,10,,,0,100,,1095,10,,,0
1500,'2',850,,1096,10,,,0,105,,1097,10,,,0,145,,1098,10,,,0,105,,1099,10,,,0,105,,1100,10,,,0,105,,1101,10,,,0,105,,1102,10,,,0,105,,1103,10,,,0,105,,1104,10,,,0,105,,1105,10,,,0,105,,1106,10,,,0
1500,'5',640,,1118,10,,,0,70,,1107,10,,,0,35,,1119,10,,,0,70,,1108,10,,,0,35,,1120,10,,,0,70,,1109,10,,,0,35,,1121,10,,,0,70,,1110,10,,,0,75,,1122,10,,,0,30,,1111,10,,,0,75,,1123,10,,,0,35,,1112,10,,,0,75,,1124,10,,,0,35,,1113,10,,,0,75,,1125,10,,,0,75,,1114,10,,,0,35,,1126,10,,,0,75,,1115,10,,,0,35,,1127,10,,,0,75,,1116,10,,,0,35,,1128,10,,,0,70,,1117,10,,,0,105,,1129,10,,,0,105,,1130,10,,,0,105,,1131,10,,,0,100,,1132,10,,,0
1501,'1',930,,1133,24,,,0,105,,1134,24,,,0,105,,1135,24,,,0,105,,1136,24,,,0,105,,1137,24,,,0,105,,1138,24,,,0,145,,1139,24,,,0,105,,1140,24,,,0,105,,1141,24,,,0,105,,1142,24,,,0,100,,1143,24,,,0,100,,1144,24,,,0,100,,1145,24,,,0,100,,1146,24,,,0
1501,'2',930,,1147,24,,,0,105,,1148,24,,,0,105,,1149,24,,,0,105,,1150,24,,,0,105,,1151,24,,,0,105,,1152,24,,,0,145,,1153,24,,,0,105,,1154,24,,,0,105,,1155,24,,,0,105,,1156,24,,,0,100,,1157,24,,,0
1501,'5',645,,1158,24,,,0,75,,1170,24,,,0,30,,1159,24,,,0,75,,1171,24,,,0,30,,1160,24,,,0,75,,1172,24,,,0,70,,1161,24,,,0,35,,1173,24,,,0,70,,1162,24,,,0,35,,1174,24,,,0,70,,1163,24,,,0,35,,1175,24,,,0,75,,1164,24,,,0,35,,1176,24,,,0,75,,1165,24,,,0,75,,1177,24,,,0,35,,1166,24,,,0,75,,1178,24,,,0,35,,1167,24,,,0,75,,1179,24,,,0,75,,1168,24,,,0,35,,1180,24,,,0,70,,1169,24,,,0,105,,1181,24,,,0,105,,1182,24,,,0,100,,1183,24,,,0,100,,1184,24,,,0
1600,'1',855,,1185,1,,,0,145,,1186,1,,,0,105,,1187,1,,,0,105,,1188,1,,,0,105,,1189,1,,,0,105,,1190,1,,,0,105,,1191,1,,,0,105,,1192,1,,,0,105,,1193,1,,,0,105,,1194,1,,,0,105,,1195,1,,,0,100,,1196,1,,,0,100,,1197,1,,,0,100,,1198,1,,,0
1600,'2',1000,,1206,1,,,0,105,,1199,1,,,0,105,,1200,1,,,0,105,,1201,1,,,0,105,,1202,1,,,0,105,,1203,1,,,0,105,,1204,1,,,0,105,,1205,1,,,0
1600,'5',715,,1207,1,,,0,105,,1208,1,,,0,35,,1221,1,0,5 8,0,70,,1209,1,,,0,30,,1222,1,,,0,75,,1210,1,,,0,70,,1223,1,,,0,35,,1211,1,,,0,75,,1224,1,,,0,35,,1212,1,,,0,75,,1225,1,,,0,35,,1213,1,,,0,75,,1226,1,,,0,75,,1214,1,,,0,35,,1227,1,,,0,75,,1215,1,,,0,35,,1228,1,,,0,75,,1216,1,,,0,75,,1229,1,0,5 8,0,30,,1217,1,,,0,105,,1218,1,,,0,105,,1219,1,,,0,105,,1220,1,,,0
1601,'1',855,,1230,25,4,,0,145,,1231,25,4,,0,105,,1232,25,4,,0,105,,1233,25,4,,0,105,,1234,25,4,,0,105,,1235,25,4,,0,105,,1236,25,4,,0,105,,1237,25,4,,0,105,,1238,25,4,,0,105,,1239,25,4,,0,105,,1240,25,4,,0,100,,1241,25,4,,0,100,,1242,25,4,,0,100,,1243,25,4,,0
1601,'2',1000,,1244,25,4,,0,105,,1245,25,4,,0,105,,1246,25,4,,0,105,,1247,25,4,,0,105,,1248,25,4,,0,105,,1249,25,4,,0,105,,1250,25,4,,0,105,,1251,25,4,,0
1601,'5',715,,1252,25,4,,0,105,,1253,25,4,,0,105,,1254,25,4,,0,30,,1267,25,4,,0,75,,1255,25,4,,0,70,,1268,25,4,,0,35,,1256,25,4,,0,75,,1269,25,4,,0,35,,1257,25,4,,0,75,,1270,25,4,,0,35,,1258,25,4,,0,75,,1271,25,4,,0,75,,1259,25,4,,0,35,,1272,25,4,,0,75,,1260,25,4,,0,35,,1273,25,4,,0,75,,1261,25,4,,0,75,,1274,25,4,,0,30,,1262,25,4,,0,105,,1263,18,4,,0,105,,1264,18,4,,0,105,,1265,18,4,,0,100,,1266,25,4,,0
2300,'1',952,,1660,3,,,0,105,,1661,3,,,0,145,,1662,3,,,0,105,,1663,3,,,0,105,,1664,3,,,0,105,,1665,3,,,0,105,,1666,3,,,0,105,,1667,3,,,0
2300,'2',952,,1668,3,,,0,105,,1669,3,,,0,145,,1670,3,,,0,105,,1671,3,,,0,105,,1672,3,,,0,105,,1673,3,,,0,105,,1674,3,,,0
2300,'5',710,,1675,3,0,13,0,105,,1676,3,0,13,0,105,,1677,3,0,13,0,105,,1678,3,0,13,0,105,,1679,3,0,13,0,110,,1680,3,0,13,0,110,,1681,3,0,13,0,150,,1682,3,0,13,0,110,,1683,3,0,13,0,110,,1684,3,0,13,0,102,,1685,3,,,0,105,,1686,3,,,0,105,,1687,3,,,0,103,,1688,3,,,0,100,,1689,3,,,0
2301,'1',1037,,1690,26,,,0,105,,1691,26,,,0,105,,1692,26,,,0,105,,1693,26,,,0,105,,1694,26,,,0,145,,1695,26,,,0,105,,1696,26,,,0,105,,1697,26,,,0
2301,'2',1037,,1698,26,,,0,105,,1699,26,,,0,105,,1700,26,,,0,105,,1701,26,,,0,105,,1702,26,,,0,145,,1703,26,,,0,105,,1704,26,,,0
2301,'5',650,,1705,17,0,5,0,105,,1706,17,0,5,0,145,,1707,17,0,5,0,105,,1708,17,0,5,0,105,,1709,17,0,5,0,105,,1710,17,0,5,0,110,,1711,17,0,5,0,110,,1712,17,0,5,0,110,,1713,17,0,5,0,110,,1714,17,0,5,0,150,,1715,17,0,5,0,102,,1716,26,,,0,105,,1717,26,,,0,105,,1718,26,,,0,103,,1719,26,,,0,100,,1720,26,,,0
2400,'5',800,,1721,11,4,,0
2600,'5',755,,1723,26,4,,0,55,,1724,26,4,,0,45,,1722,26,4,,0
2900,'1',1045,,1725,17,,,0,105,,1726,17,,,0,105,,1727,17,,,0,145,,1728,17,,,0,105,,1729,17,,,0,105,,1730,17,,,0
2900,'2',1045,,1731,17,,,0,105,,1732,17,,,0,105,,1733,17,,,0,145,,1734,17,,,0,105,,1735,17,,,0,105,,1736,17,,,0
2900,'5',835,,1738,20,,,0,105,,1737,20,,,0,105,,1739,20,,,0,105,,1740,20,,,0,105,,1741,20,,,0,145,,1742,20,,,0,105,,1743,20,,,0,105,,1744,20,,,0,105,,1745,20,,,0,105,,1746,20,,,0,105,,1747,20,,,0
2901,'1',1110,,1748,9,,,0,105,,1749,9,,,0,105,,1750,9,,,0,105,,1751,9,,,0,105,,1752,9,,,0,105,,1753,9,,,0
2901,'2',1110,,1754,9,,,0,105,,1755,9,,,0,105,,1756,9,,,0,105,,1757,9,,,0,105,,1758,9,,,0,105,,1759,9,,,0
2901,'5',900,,1760,9,,,0,105,,1761,9,,,0,105,,1762,9,,,0,105,,1763,9,,,0,105,,1764,9,,,0,105,,1765,9,,,0,105,,1766,9,,,0,105,,1767,9,,,0,105,,1768,9,,,0,105,,1769,9,,,0,105,,1770,9,,,0
3300,'5',940,,1809,3,4,,0,90,,1810,3,4,,0,90,,1811,3,4,,0,90,,1812,3,4,,0,90,,1813,3,4,,0,55,,1814,3,4,,0,90,,1815,3,4,,0,95,,1816,3,4,,0,90,,1817,3,4,,0,90,,1818,3,4,,0
3301,'5',940,,1820,1,,,0,90,,1821,1,,,0,90,,1822,1,,,0,90,,1823,1,,,0,90,,1824,1,,,0,55,,1825,1,,,0,90,,1826,1,,,0,95,,1827,1,,,0,90,,1828,1,,,0,90,,1829,1,,,0
