101,'1',808,,105,4,,,0,105,,106,4,,,0,30,,115,4,,,0,75,,107,4,,,0,30,,116,4,,,0,75,,108,4,,,0,30,,117,4,,,0,75,,109,4,,,0,30,,118,4,,,0,75,,110,4,,,0,70,,119,4,,,0,35,,111,4,,,0,70,,120,4,,,0,35,,112,4,,,0,70,,121,4,,,0,35,,113,4,,,0,70,,122,4,,,0,35,,114,4,,,0,70,,129,4,,,0,35,,123,4,,,0,70,,130,4,,,0,73,,124,4,,,0,30,,131,4,,,0,70,,125,4,,,0,30,,132,4,,,0,70,,126,4,,,0,30,,133,4,,,0,70,,127,4,,,0,30,,134,4,,,0,70,,128,4,,,0
101,'2',913,,135,4,,,0,30,,146,4,,,0,75,,136,4,,,0,30,,147,4,,,0,75,,137,4,,,0,30,,148,4,,,0,75,,138,4,,,0,30,,149,4,,,0,75,,139,4,,,0,70,,150,4,,,0,35,,140,4,,,0,70,,151,4,,,0,35,,141,4,,,0,70,,152,4,,,0,35,,142,4,,,0,70,,153,4,,,0,35,,143,4,,,0,70,,154,4,,,0,35,,144,4,,,0,70,,155,4,,,0,73,,145,4,,,0
101,'5',631,,156,4,,,0,72,,167,4,,,0,30,,157,4,,,0,14,,180,4,,,0,60,,178,4,,,0,10,,168,4,,,0,15,,182,4,,,0,15,,158,4,,,0,55,,181,4,,,0,20,,179,4,,,0,10,,169,4,,,0,20,,183,4,,,0,50,,159,4,,,0,25,,184,4,,,0,20,,170,4,,,0,55,,196,4,,,0,15,,160,4,,,0,25,,185,4,,,0,60,,171,4,,,0,15,,197,4,,,0,20,,161,4,,,0,20,,186,4,,,0,60,,172,4,,,0,15,,198,4,,,0,20,,162,4,,,0,60,,187,4,,,0,20,,173,4,,,0,10,,191,4,,,0,15,,199,4,,,0,50,,163,4,,,0,20,,188,4,,,0,20,,174,4,,,0,10,,192,4,,,0,55,,200,4,,,0,15,,164,4,,,0,15,,189,4,,,0,60,,175,4,,,0,10,,193,4,,,0,15,,201,4,,,0,15,,165,4,,,0,15,,190,4,0,16 10,0,51,,176,4,,,0,10,,194,4,,,0,30,,166,4,,,0,65,,177,4,,,0,40,,195,4,,,0,74,,206,4,,,0,31,,202,4,,,0,73,,207,4,,,0,70,,203,4,,,0,30,,208,4,,,0,70,,204,4,,,0,30,,209,4,,,0,71,,205,4,,,0
900,'5',723,,621,14,,,0,105,,622,14,,,0,105,,623,14,,,0,105,,624,14,,,0,105,,625,14,,,0,110,,626,14,,,0,150,,627,14,,,0,110,,628,14,,,0,110,,629,14,,,0,110,,630,14,,,0
901,'5',706,,631,39,,,0,105,,632,39,,,0,105,,633,39,,,0,105,,634,39,,,0,105,,635,39,,,0,105,,636,39,,,0,110,,637,39,,,0,110,,638,39,,,0,150,,639,39,,,0,110,,640,39,,,0,110,,641,39,,,0
1301,'5',812,,1006,4,,,0,29,,1008,4,0,16 17,0,75,,1007,4,0,16 17,0
1400,'1',831,,1009,9,,,0,105,,1010,9,,,0,105,,1011,9,,,0,105,,1012,9,,,0,105,,1013,9,,,0,105,,1014,9,,,0,145,,1015,9,,,0,105,,1016,9,,,0,105,,1017,9,,,0
1400,'2',936,,1018,9,,,0,105,,1019,9,,,0,105,,1020,9,,,0,105,,1021,9,,,0,105,,1022,9,,,0,145,,1023,9,,,0,105,,1024,9,,,0
1400,'5',726,,1025,9,,,0,75,,1039,9,,,0,30,,1026,9,,,0,75,,1040,9,,,0,30,,1027,9,,,0,105,,1028,9,,,0,105,,1029,9,,,0,110,,1030,9,,,0,150,,1031,9,,,0,30,,1041,9,,,0,80,,1032,9,,,0,30,,1042,9,,,0,80,,1033,9,,,0,30,,1043,9,,,0,80,,1034,9,,,0,105,,1035,9,,,0,105,,1036,9,,,0,105,,1037,9,,,0,100,,1038,9,,,0
1401,'1',812,,1044,30,,,0,105,,1045,30,,,0,105,,1046,30,,,0,105,,1047,30,,,0,105,,1048,30,,,0,105,,1049,30,,,0,105,,1050,30,,,0,105,,1051,30,,,0,105,,1052,30,,,0,105,,1053,30,,,0
1401,'2',1022,,1054,30,,,0,105,,1055,30,,,0,105,,1056,30,,,0,105,,1057,30,,,0,105,,1058,30,,,0,105,,1059,30,,,0,105,,1060,30,,,0
1401,'5',707,,1061,30,,,0,35,,1076,30,,,0,70,,1062,30,,,0,35,,1077,30,,,0,70,,1063,30,,,0,35,,1078,30,,,0,70,,1064,30,,,0,105,,1065,30,,,0,105,,1066,30,,,0,110,,1067,30,,,0,110,,1068,30,,,0,70,,1079,30,,,0,80,,1069,30,,,0,30,,1080,30,,,0,80,,1070,30,,,0,30,,1081,30,,,0,80,,1071,30,,,0,105,,1072,30,,,0,105,,1073,30,,,0,100,,1074,30,,,0,100,,1075,30,,,0
2300,'1',1001,,1660,16,,,0,105,,1661,16,,,0,105,,1662,16,,,0,105,,1663,16,,,0,105,,1664,16,,,0,105,,1665,16,,,0,105,,1666,16,,,0,105,,1667,16,,,0
2300,'2',1001,,1668,16,,,0,105,,1669,16,,,0,105,,1670,16,,,0,105,,1671,16,,,0,105,,1672,16,,,0,105,,1673,16,,,0,105,,1674,16,,,0
2300,'5',1831,,1685,16,,,0,105,,1686,16,,,0,105,,1687,16,,,0,102,,1688,16,,,0,100,,1689,16,,,0
2301,'1',1031,,1690,23,,,0,105,,1691,23,,,0,105,,1692,23,,,0,105,,1693,23,,,0,105,,1694,23,,,0,105,,1695,23,,,0,145,,1696,23,,,0,105,,1697,23,,,0
2301,'2',1031,,1698,23,,,0,105,,1699,23,,,0,105,,1700,23,,,0,105,,1701,23,,,0,105,,1702,23,,,0,105,,1703,23,,,0,145,,1704,23,,,0
2301,'5',1901,,1716,23,,,0,105,,1717,23,,,0,105,,1718,23,,,0,103,,1719,23,,,0,100,,1720,23,,,0
2901,'1',1103,,1748,6,,,0,105,,1749,6,,,0,105,,1750,6,,,0,105,,1751,6,,,0,105,,1752,6,,,0,105,,1753,6,,,0
2901,'2',1103,,1754,6,,,0,105,,1755,6,,,0,105,,1756,6,,,0,105,,1757,6,,,0,105,,1758,6,,,0,105,,1759,6,,,0
2901,'5',853,,1760,6,,,0,105,,1761,6,,,0,145,,1762,6,,,0,105,,1763,6,,,0,105,,1764,6,,,0,105,,1765,6,,,0,105,,1766,6,,,0,105,,1767,6,,,0,105,,1768,6,,,0,105,,1769,6,,,0,105,,1770,6,,,0
