101,'1',838,,105,32,,,0,105,,106,32,,,0,70,,115,32,,,0,35,,107,32,,,0,70,,116,32,,,0,35,,108,32,,,0,70,,117,32,,,0,35,,109,32,,,0,70,,118,32,,,0,75,,110,32,,,0,30,,119,32,,,0,75,,111,32,,,0,30,,120,32,,,0,75,,112,32,,,0,30,,121,32,,,0,75,,113,32,,,0,30,,122,32,,,0,75,,114,32,,,0,30,,129,32,,,0,75,,123,32,,,0,30,,130,32,,,0,70,,124,32,,,0,30,,131,32,,,0,70,,125,32,,,0,30,,132,32,,,0,70,,126,32,,,0,30,,133,32,,,0,70,,127,32,,,0,30,,134,32,,,0,60,,128,32,,,0
101,'2',943,,135,32,,,0,70,,146,32,,,0,35,,136,32,,,0,70,,147,32,,,0,35,,137,32,,,0,70,,148,32,,,0,35,,138,32,,,0,70,,149,32,,,0,75,,139,32,,,0,30,,150,32,,,0,75,,140,32,,,0,30,,151,32,,,0,75,,141,32,,,0,30,,152,32,,,0,75,,142,32,,,0,30,,153,32,,,0,75,,143,32,,,0,30,,154,32,,,0,75,,144,32,,,0,30,,155,32,,,0,70,,145,32,,,0
101,'5',658,,156,32,,,0,75,,167,32,,,0,70,,157,32,,,0,15,,180,32,,,0,20,,178,32,,,0,10,,168,32,,,0,55,,182,32,,,0,15,,158,32,,,0,15,,181,32,,,0,20,,179,32,,,0,50,,169,32,,,0,20,,183,32,,,0,10,,159,32,,,0,25,,184,32,,,0,60,,170,32,,,0,15,,196,32,,,0,15,,160,32,,,0,65,,185,32,,,0,20,,171,32,,,0,15,,197,32,,,0,60,,161,32,,,0,20,,186,32,,,0,20,,172,32,,,0,55,,198,32,,,0,20,,162,32,,,0,20,,187,32,,,0,60,,173,32,,,0,10,,191,32,,,0,15,,199,32,,,0,10,,163,32,,,0,20,,188,32,,,0,60,,174,32,,,0,10,,192,32,,,0,15,,200,32,,,0,15,,164,32,,,0,55,,189,32,,,0,20,,175,32,,,0,10,,193,32,,,0,15,,201,32,,,0,55,,165,32,,,0,25,,176,32,,,0,10,,194,32,,,0,70,,166,32,,,0,25,,177,32,,,0,80,,195,32,,,0,35,,206,32,,,0,70,,202,32,,,0,30,,207,32,,,0,70,,203,32,,,0,30,,208,32,,,0,70,,204,32,,,0,30,,209,32,,,0,65,,205,32,,,0
201,'1',838,,305,67,,,0,105,,297,67,,,0,70,,318,67,,,0,35,,306,67,,,0,70,,313,67,,,0,35,,298,67,,,0,70,,319,67,,,0,35,,307,67,,,0,70,,314,67,,,0,75,,299,67,,,0,30,,320,67,,,0,75,,308,67,,,0,30,,315,67,,,0,75,,300,67,,,0,30,,321,67,,,0,75,,309,67,,,0,30,,316,67,,,0,75,,301,67,,,0,30,,322,67,,,0,75,,310,67,,,0,30,,317,67,,,0,70,,302,67,,,0,30,,323,67,,,0,70,,311,67,,,0,30,,324,67,,,0,70,,303,67,,,0,30,,325,67,,,0,70,,312,67,,,0,90,,304,67,,,0
201,'2',943,,326,67,,,0,105,,332,67,,,0,70,,337,67,,,0,35,,327,67,,,0,70,,341,67,,,0,35,,333,67,,,0,70,,338,67,,,0,75,,328,67,,,0,30,,342,67,,,0,75,,334,67,,,0,30,,339,67,,,0,75,,329,67,,,0,30,,343,67,,,0,75,,335,67,,,0,30,,340,67,,,0,75,,330,67,,,0,30,,345,67,,,0,75,,336,67,,,0,30,,344,67,,,0,70,,331,67,,,0
201,'5',733,,362,67,,,0,70,,346,67,,,0,35,,370,67,,,0,70,,354,67,,,0,15,,379,67,,,0,20,,363,67,,,0,70,,347,67,,,0,35,,371,67,,,0,70,,355,67,,,0,35,,364,67,,,0,70,,348,67,,,0,35,,372,67,,,0,75,,356,67,,,0,75,,365,67,,,0,35,,349,67,,,0,75,,373,67,,,0,35,,357,67,,,0,55,,378,67,,,0,20,,366,67,,,0,20,,381,67,,,0,55,,350,67,,,0,15,,377,67,,,0,20,,374,67,,,0,20,,380,67,,,0,55,,358,67,,,0,15,,382,67,,,0,20,,368,67,,,0,70,,351,67,,,0,35,,375,67,,,0,70,,359,67,,,0,35,,367,67,,,0,70,,352,67,,,0,30,,376,67,,,0,70,,360,67,,,0,30,,369,67,,,0,70,,353,67,,,0,90,,361,67,,,0
301,'1',908,,479,49,,,0,35,,469,49,,,0,70,,489,49,,,0,35,,480,49,,,0,70,,470,49,,,0,35,,490,49,,,0,70,,481,49,,,0,35,,471,49,,,0,70,,491,49,,,0,75,,482,49,,,0,30,,472,49,,,0,75,,492,49,,,0,30,,483,49,,,0,75,,473,49,,,0,30,,493,49,,,0,75,,484,49,,,0
301,'5',733,,520,49,,,0,70,,528,49,,,0,35,,539,49,,,0,20,,551,49,,,0,50,,521,49,,,0,15,,550,49,,,0,20,,529,49,,,0,15,,552,49,,,0,55,,540,49,,,0,35,,522,49,,,0,70,,530,49,,,0,35,,541,49,,,0,70,,523,49,,,0,35,,531,49,,,0,75,,542,49,,,0,75,,524,49,,,0,35,,532,49,,,0,75,,543,49,,,0,35,,525,49,,,0,75,,533,49,,,0,75,,544,49,,,0,20,,553,49,,,0,15,,526,49,,,0,10,,555,49,,,0,65,,534,49,,,0,20,,556,49,,,0
1201,'1',908,,957,34,,,0,34,,943,34,,,0,71,,958,34,,,0,34,,944,34,,,0,71,,959,34,,,0,34,,945,34,,,0,71,,965,34,,,0,34,,946,34,,,0,71,,960,34,,,0,74,,947,34,,,0,31,,961,34,,,0,74,,948,34,,,0,31,,962,34,,,0,74,,949,34,,,0,31,,963,34,,,0,74,,950,34,,,0,31,,964,34,,,0,74,,951,34,,,0,31,,966,34,,,0,74,,952,34,,,0,101,,953,34,,,0,100,,954,34,,,0,100,,955,34,,,0,100,,956,34,,,0
1201,'2',942,,967,34,,,0,105,,968,34,,,0,105,,969,34,,,0,105,,970,34,,,0,145,,971,34,,,0,105,,972,34,,,0,105,,973,34,,,0,105,,974,34,,,0,105,,975,34,,,0,105,,976,34,,,0,101,,977,34,,,0
1201,'5',732,,978,33,0,12,0,71,,988,33,0,12,0,34,,979,33,0,12,0,71,,989,33,0,12,0,34,,980,34,,,0,71,,990,34,,,0,34,,981,34,,,0,71,,991,34,,,0,30,,982,34,,,0,75,,992,34,,,0,35,,983,34,,,0,75,,993,34,,,0,75,,984,34,,,0,35,,994,34,,,0,75,,985,34,,,0,35,,995,34,,,0,75,,986,34,,,0,75,,996,34,,,0,35,,987,34,,,0,75,,997,34,,,0,105,,998,34,,,0,105,,999,34,,,0,105,,1000,34,,,0,100,,1001,34,,,0,100,,1002,34,,,0
