200,'1',752,,210,20,,,0,105,,218,20,,,0,70,,226,20,,,0,75,,211,20,,,0,30,,232,20,,,0,75,,219,20,,,0,30,,227,20,,,0,75,,212,20,,,0,30,,233,20,,,0,75,,220,20,,,0,30,,228,20,,,0,75,,213,20,,,0,30,,234,20,,,0,75,,221,20,,,0,30,,229,20,,,0,75,,214,20,,,0,70,,235,20,,,0,35,,222,20,,,0,70,,230,20,,,0,35,,215,20,,,0,70,,236,20,,,0,34,,223,20,,,0,70,,231,20,,,0,30,,216,20,,,0,70,,238,20,,,0,30,,224,20,,,0,70,,237,20,,,0,30,,217,20,,,0,100,,225,20,,,0
200,'2',857,,244,20,,,0,145,,239,20,,,0,30,,253,20,,,0,75,,245,20,,,0,30,,250,20,,,0,75,,240,20,,,0,30,,254,20,,,0,75,,246,20,,,0,30,,251,20,,,0,75,,241,20,,,0,30,,255,20,,,0,75,,247,20,,,0,30,,252,20,,,0,75,,242,20,,,0,70,,256,20,,,0,35,,248,20,,,0,70,,257,20,,,0,35,,243,20,,,0,70,,258,20,,,0,34,,249,20,,,0
200,'5',647,,282,20,,,0,70,,267,20,,,0,35,,275,20,,,0,55,,292,20,,,0,15,,259,20,,,0,15,,293,20,,,0,20,,283,20,,,0,70,,268,20,,,0,75,,276,20,,,0,30,,260,20,,,0,75,,284,20,,,0,30,,269,20,,,0,75,,277,20,,,0,35,,261,20,,,0,75,,285,20,,,0,35,,270,20,,,0,75,,278,20,,,0,75,,262,20,,,0,15,,290,20,,,0,20,,286,20,,,0,60,,294,20,,,0,15,,271,20,,,0,15,,291,20,,,0,20,,279,20,,,0,60,,295,20,,,0,15,,263,20,,,0,15,,296,20,,,0,60,,287,20,,,0,30,,272,20,,,0,75,,280,20,,,0,30,,264,20,,,0,75,,288,20,,,0,30,,273,20,,,0,74,,281,20,,,0,30,,265,20,,,0,70,,289,20,,,0,30,,274,20,,,0,100,,266,20,,,0
1000,'1',727,,642,33,0,20,0,30,,661,33,0,20,0,145,,643,33,0,20,0,30,,662,33,0,20,0,105,,644,33,0,20,0,75,,663,33,0,20,0,15,,672,33,0,20,0,15,,653,33,0,20,0,75,,645,33,0,20,0,30,,664,33,0,20,0,55,,669,33,0,20,0,20,,654,33,0,20,0,30,,646,33,0,20,0,75,,665,33,0,20,0,13,,670,33,0,20,0,17,,655,33,0,20,0,75,,647,33,0,20,0,70,,666,33,0,20,0,18,,671,33,0,20,0,17,,656,33,0,20,0,70,,648,33,0,20,0,35,,667,33,0,20,0,70,,657,33,0,20,0,35,,649,33,0,20,0,70,,674,33,0,20,0,35,,658,33,0,20,0,70,,650,33,0,20,0,30,,675,33,0,20,0,70,,659,33,0,20,0,30,,651,33,0,20,0,70,,676,33,0,20,0,30,,660,33,0,20,0,70,,652,33,0,20,0
1000,'2',902,,678,33,0,20,0,105,,692,33,0,20,0,30,,679,33,0,20,0,75,,695,33,0,20,0,30,,686,33,0,20,0,75,,680,33,0,20,0,30,,696,33,0,20,0,75,,687,33,0,20,0,30,,681,33,0,20,0,75,,697,33,0,20,0,30,,688,33,0,20,0,75,,682,33,0,20,0,70,,698,33,0,20,0,35,,689,33,0,20,0,70,,683,33,0,20,0,35,,699,33,0,20,0,70,,690,33,0,20,0,35,,684,33,0,20,0,105,,691,33,0,20,0,70,,685,33,0,20,0
1000,'5',652,,722,33,0,20,0,70,,700,33,0,20,0,35,,712,33,0,20,0,55,,733,33,0,20,0,15,,723,33,0,20,0,15,,734,33,0,20,0,60,,701,33,0,20,0,30,,713,33,0,20,0,15,,741,33,0,20,0,60,,724,33,0,20,0,30,,702,33,0,20,0,75,,714,33,0,20,0,15,,742,33,0,20,0,15,,725,33,0,20,0,75,,703,33,0,20,0,35,,715,33,0,20,0,55,,743,33,0,20,0,23,,726,33,0,20,0,72,,704,33,0,20,0,35,,716,33,0,20,0,15,,744,33,0,20,0,63,,727,33,0,20,0,12,,736,33,0,20,0,20,,711,33,0,20,0,60,,730,33,0,20,0,15,,717,33,0,20,0,18,,735,33,0,20,0,60,,728,33,0,20,0,10,,737,33,0,20,0,22,,705,33,0,20,0,20,,731,33,0,20,0,55,,718,33,0,20,0,18,,740,33,0,20,0,30,,738,33,0,20,0,57,,706,33,0,20,0,15,,732,33,0,20,0,15,,719,33,0,20,0,105,,707,33,0,20,0,75,,720,33,0,20,0,100,,708,33,0,20,0,30,,721,33,0,20,0,100,,709,33,0,20,0
1500,'1',858,,1082,19,,,0,145,,1083,19,,,0,105,,1084,19,,,0,105,,1085,19,,,0,105,,1086,19,,,0,105,,1087,19,,,0,105,,1088,19,,,0,105,,1089,19,,,0,105,,1090,19,,,0,105,,1091,19,,,0,105,,1092,19,,,0,100,,1093,19,,,0,100,,1094,19,,,0,100,,1095,19,,,0
1500,'2',858,,1096,19,,,0,145,,1097,19,,,0,105,,1098,19,,,0,105,,1099,19,,,0,105,,1100,19,,,0,105,,1101,19,,,0,105,,1102,19,,,0,105,,1103,19,,,0,105,,1104,19,,,0,105,,1105,19,,,0,105,,1106,19,,,0
1500,'5',648,,1118,19,,,0,70,,1107,19,,,0,35,,1119,19,,,0,70,,1108,19,,,0,35,,1120,19,,,0,70,,1109,19,,,0,75,,1121,19,,,0,30,,1110,19,,,0,75,,1122,19,,,0,30,,1111,19,,,0,75,,1123,19,,,0,35,,1112,19,,,0,75,,1124,19,,,0,35,,1113,19,,,0,75,,1125,19,,,0,75,,1114,19,,,0,35,,1126,19,,,0,75,,1115,19,,,0,35,,1127,19,,,0,75,,1116,19,,,0,75,,1128,19,,,0,30,,1117,19,,,0,105,,1129,19,,,0,105,,1130,19,,,0,105,,1131,19,,,0,100,,1132,19,,,0
2901,'1',1122,,1748,20,,,0,105,,1749,20,,,0,105,,1750,20,,,0,105,,1751,20,,,0,105,,1752,20,,,0,105,,1753,20,,,0
2901,'2',1122,,1754,20,,,0,105,,1755,20,,,0,105,,1756,20,,,0,105,,1757,20,,,0,105,,1758,20,,,0,105,,1759,20,,,0
2901,'5',911,,1760,20,,,0,105,,1761,20,,,0,105,,1762,20,,,0,105,,1763,20,,,0,105,,1764,20,,,0,105,,1765,20,,,0,105,,1766,20,,,0,105,,1767,20,,,0,105,,1768,20,,,0,105,,1769,20,,,0,145,,1770,20,,,0
