301,'1',855,,4025,32,,,0,75,,4015,32,,,0,70,,4035,32,,,0,35,,4026,32,,,0,70,,4016,32,,,0,35,,4036,32,,,0,70,,4027,32,,,0,35,,4017,32,,,0,70,,4037,32,,,0,35,,4028,32,,,0,70,,4018,32,,,0,35,,4038,32,,,0,70,,4029,32,,,0,75,,4019,32,,,0,30,,4039,32,,,0,75,,4030,32,,,0,27,,4020,32,,,0,75,,4040,32,,,0,30,,4031,32,,,0,75,,4021,32,,,0,30,,4041,32,,,0,70,,4032,32,,,0,30,,4022,32,,,0,100,,4033,32,,,0,70,,4023,32,,,0,100,,4034,32,,,0,30,,4024,32,,,0
301,'2',852,,4042,32,,,0,105,,4050,32,,,0,75,,4043,32,,,0,105,,4051,32,,,0,70,,4044,32,,,0,105,,4052,32,,,0,35,,4045,32,,,0,105,,4053,32,,,0,70,,4046,32,,,0,105,,4054,32,,,0,75,,4047,32,,,0,105,,4055,32,,,0,30,,4048,32,,,0,105,,4056,32,,,0,70,,4049,32,,,0
301,'5',720,,4058,32,,,0,30,,4066,32,,,0,75,,4077,32,,,0,30,,4059,32,,,0,75,,4067,32,,,0,70,,4078,32,,,0,35,,4060,32,,,0,70,,4068,32,,,0,35,,4079,32,,,0,70,,4061,32,,,0,35,,4069,32,,,0,75,,4080,32,,,0,30,,4062,32,,,0,80,,4070,32,,,0,75,,4081,32,,,0,35,,4063,32,,,0,75,,4071,32,,,0,35,,4082,32,,,0,75,,4064,32,,,0,75,,4072,32,,,0,32,,4083,32,,,0,23,,4065,32,,,0,82,,4073,32,,,0,70,,4084,32,,,0,105,,4074,32,,,0,30,,4085,32,,,0,100,,4075,32,,,0,70,,4086,32,,,0,98,,4076,32,,,0
1000,'1',635,,4199,8,4,,0,105,,4173,42,4,,0,70,,4192,42,4,,0,105,,4174,42,4,,0,30,,4193,42,4,,0,60,,4204,8,4,,0,45,,4175,42,4,,0,75,,4194,42,4,,0,15,,4203,42,4,,0,15,,4184,42,4,,0,75,,4176,42,4,,0,70,,4195,42,4,,0,15,,4200,42,4,,0,20,,4185,42,4,,0,70,,4177,42,4,,0,35,,4196,42,4,,0,15,,4201,42,4,,0,55,,4186,42,4,,0,35,,4178,42,4,,0,70,,4197,42,4,,0,20,,4202,42,4,,0,15,,4187,42,4,,0,70,,4179,42,4,,0,35,,4198,42,4,,0,70,,4188,42,4,,0,75,,4180,42,4,,0,105,,4189,42,4,,0,30,,4181,42,4,,0,100,,4190,42,4,,0,70,,4182,42,4,,0,100,,4191,42,4,,0,30,,4183,42,4,,0
1000,'2',845,,4220,8,4,,0,70,,4205,42,4,,0,30,,4221,8,4,,0,75,,4219,42,4,,0,30,,4206,42,4,,0,75,,4222,42,4,,0,30,,4213,42,4,,0,75,,4207,42,4,,0,70,,4223,42,4,,0,35,,4214,42,4,,0,70,,4208,42,4,,0,35,,4224,42,4,,0,70,,4215,42,4,,0,35,,4209,42,4,,0,70,,4225,42,4,,0,35,,4216,42,4,,0,70,,4210,42,4,,0,35,,4226,42,4,,0,70,,4217,42,4,,0,75,,4211,42,4,,0,105,,4218,42,4,,0,30,,4212,42,4,,0
1000,'5',630,,4237,8,4,,0,75,,4249,42,4,,0,30,,4227,42,4,,0,75,,4239,42,4,,0,30,,4250,42,4,,0,75,,4228,42,4,,0,30,,4240,42,4,,0,75,,4251,42,4,,0,30,,4229,42,4,,0,75,,4241,42,4,,0,30,,4252,42,4,,0,75,,4230,42,4,,0,75,,4242,42,4,,0,40,,4253,42,4,,0,70,,4231,42,4,,0,20,,4260,42,4,,0,15,,4243,42,4,,0,80,,4254,42,4,,0,70,,4238,42,4,,0,20,,4257,42,4,,0,15,,4244,42,4,,0,80,,4255,42,4,,0,30,,4232,42,4,,0,60,,4258,42,4,,0,15,,4245,42,4,,0,105,,4233,42,4,,0,15,,4259,42,4,,0,15,,4246,42,4,,0,145,,4234,42,4,,0,35,,4247,42,4,,0,100,,4235,7,4,,0,70,,4248,42,4,,0,100,,4236,42,4,,0
1001,'1',635,,4287,1,,,0,105,,4261,1,,,0,70,,4280,1,,,0,105,,4262,1,,,0,30,,4281,1,,,0,60,,4292,1,,,0,45,,4263,1,,,0,75,,4282,1,,,0,15,,4291,1,,,0,15,,4272,1,,,0,75,,4264,1,,,0,70,,4283,1,,,0,15,,4288,1,,,0,20,,4273,1,,,0,70,,4265,1,,,0,35,,4284,1,,,0,15,,4289,1,,,0,55,,4274,1,,,0,35,,4266,1,,,0,70,,4285,1,,,0,20,,4290,1,,,0,15,,4275,1,,,0,70,,4267,1,,,0,35,,4286,1,0,27 26,0,70,,4276,1,,,0,75,,4268,1,,,0,105,,4277,1,,,0,30,,4269,1,,,0,100,,4278,1,,,0,70,,4270,1,,,0,100,,4279,1,0,27 26,0,30,,4271,1,,,0
1001,'2',845,,4308,1,,,0,70,,4293,1,,,0,30,,4309,1,,,0,75,,4306,1,,,0,30,,4294,1,,,0,75,,4310,1,,,0,30,,4300,1,,,0,75,,4295,1,,,0,70,,4311,1,,,0,35,,4301,1,,,0,70,,4296,1,,,0,35,,4312,1,,,0,70,,4302,1,,,0,35,,4297,1,,,0,70,,4313,1,,,0,35,,4303,1,,,0,70,,4298,1,,,0,35,,4314,1,,,0,70,,4304,1,,,0,75,,4299,1,,,0,105,,4305,1,0,27 26,0,30,,4307,1,0,29 7,0
1001,'5',630,,4326,1,,,0,75,,4337,1,,,0,30,,4315,1,,,0,75,,4327,1,,,0,30,,4338,1,,,0,75,,4316,1,,,0,30,,4328,1,,,0,75,,4339,1,,,0,30,,4317,1,,,0,75,,4329,1,,,0,30,,4340,1,,,0,75,,4318,1,,,0,75,,4330,1,,,0,40,,4341,1,,,0,70,,4319,1,,,0,20,,4344,1,,,0,15,,4331,1,,,0,80,,4342,1,,,0,70,,4320,1,,,0,20,,4345,1,,,0,15,,4332,1,,,0,80,,4343,1,,,0,30,,4321,1,,,0,60,,4346,1,,,0,15,,4333,1,,,0,105,,4322,1,,,0,15,,4347,1,,,0,15,,4334,1,,,0,145,,4323,1,,,0,35,,4335,1,,,0,100,,4324,1,,,0,70,,4336,1,,,0,100,,4325,1,0,27 26,0
1100,'1',1006,,4348,21,,,0,105,,4349,21,,,0,105,,4350,21,,,0,105,,4351,21,,,0,105,,4352,21,,,0,105,,4353,21,,,0,105,,4354,21,,,0,105,,4355,21,,,0
1100,'5',756,,4356,21,,,0,145,,4357,21,,,0,105,,4358,21,,,0,105,,4359,21,,,0,105,,4360,21,,,0,110,,4361,21,,,0,110,,4362,21,,,0,110,,4363,21,,,0,110,,4364,21,,,0,150,,4365,21,,,0
1101,'1',924,,4366,12,,,0,105,,4367,12,,,0,105,,4368,12,,,0,105,,4369,12,,,0,105,,4370,12,,,0,105,,4371,12,,,0,105,,4372,12,,,0,105,,4373,12,,,0,145,,4374,12,,,0
1101,'5',714,,4375,12,,,0,105,,4376,12,,,0,105,,4377,12,,,0,105,,4378,12,,,0,105,,4379,12,,,0,105,,4380,12,,,0,110,,4381,12,,,0,110,,4382,12,,,0,150,,4383,12,,,0,110,,4384,12,,,0,110,,4385,12,,,0
