1001,'1',651,,771,18,,,0,150,,745,18,,,0,30,,764,18,,,0,105,,746,18,,,0,70,,765,18,,,0,20,,776,18,,,0,85,,747,18,,,0,35,,766,18,,,0,55,,775,18,,,0,15,,756,18,,,0,35,,748,18,,,0,70,,767,18,,,0,15,,772,18,,,0,20,,757,18,,,0,70,,749,18,,,0,75,,768,18,,,0,15,,773,18,,,0,15,,758,18,,,0,75,,750,18,,,0,30,,769,18,,,0,20,,774,18,,,0,55,,759,18,,,0,30,,751,18,,,0,75,,770,18,,,0,30,,760,18,,,0,75,,752,18,,,0,30,,777,18,,,0,70,,761,18,,,0,30,,753,18,,,0,70,,778,18,,,0,30,,762,18,,,0,70,,754,18,,,0,30,,779,18,,,0,75,,763,18,,,0,25,,755,18,,,0
1001,'2',906,,795,18,,,0,30,,780,18,,,0,70,,796,18,,,0,35,,793,18,,,0,70,,781,18,,,0,35,,797,18,,,0,70,,787,18,,,0,35,,782,18,,,0,70,,798,18,,,0,35,,788,18,,,0,70,,783,18,,,0,75,,799,18,,,0,30,,789,18,,,0,75,,784,18,,,0,30,,800,18,,,0,75,,790,18,,,0,30,,785,18,,,0,75,,801,18,,,0,30,,791,18,,,0,75,,786,18,,,0,100,,792,18,,,0
1001,'5',651,,813,18,,,0,75,,824,18,,,0,30,,802,18,,,0,75,,814,18,,,0,15,,834,18,,,0,55,,825,18,,,0,15,,835,18,,,0,20,,803,18,,,0,70,,815,18,,,0,15,,842,18,,,0,20,,826,18,,,0,70,,804,18,,,0,35,,816,18,,,0,55,,843,18,,,0,16,,827,18,,,0,35,,805,18,,,0,75,,817,18,,,0,15,,844,18,,,0,64,,828,18,,,0,31,,806,18,,,0,75,,818,18,,,0,20,,836,18,,,0,19,,829,18,,,0,55,,838,18,,,0,16,,807,18,,,0,20,,831,18,,,0,15,,819,18,,,0,60,,837,18,,,0,19,,830,18,,,0,10,,839,18,,,0,60,,808,18,,,0,20,,832,18,,,0,15,,820,18,,,0,60,,841,18,,,0,30,,840,18,,,0,15,,809,18,,,0,55,,833,18,,,0,15,,821,18,,,0,105,,810,18,,,0,30,,822,18,,,0,100,,811,18,,,0,70,,823,18,,,0,100,,812,18,,,0
1501,'1',931,,1133,25,,,0,105,,1134,25,,,0,105,,1135,25,,,0,105,,1136,25,,,0,105,,1137,25,,,0,105,,1138,25,,,0,145,,1139,25,,,0,105,,1140,25,,,0,105,,1141,25,,,0,105,,1142,25,,,0,100,,1143,25,,,0,100,,1144,25,,,0,100,,1145,25,,,0,100,,1146,25,,,0
1501,'2',931,,1147,25,,,0,105,,1148,25,,,0,105,,1149,25,,,0,105,,1150,25,,,0,105,,1151,25,,,0,105,,1152,25,,,0,145,,1153,25,,,0,105,,1154,25,,,0,105,,1155,25,,,0,105,,1156,25,,,0,100,,1157,25,,,0
1501,'5',646,,1158,25,,,0,75,,1170,25,,,0,30,,1159,25,,,0,75,,1171,25,,,0,30,,1160,25,,,0,75,,1172,25,,,0,70,,1161,25,,,0,35,,1173,25,,,0,70,,1162,25,,,0,35,,1174,25,,,0,70,,1163,25,,,0,35,,1175,25,,,0,75,,1164,25,,,0,35,,1176,25,,,0,75,,1165,25,,,0,75,,1177,25,,,0,35,,1166,25,,,0,75,,1178,25,,,0,35,,1167,25,,,0,75,,1179,25,,,0,75,,1168,25,,,0,35,,1180,25,,,0,70,,1169,25,,,0,105,,1181,25,,,0,105,,1182,25,,,0,100,,1183,25,,,0,100,,1184,25,,,0
1600,'1',856,,1185,2,,,0,145,,1186,2,,,0,105,,1187,2,,,0,105,,1188,2,,,0,105,,1189,2,,,0,105,,1190,2,,,0,105,,1191,2,,,0,105,,1192,2,,,0,105,,1193,2,,,0,105,,1194,2,,,0,105,,1195,2,,,0,100,,1196,2,,,0,100,,1197,2,,,0,100,,1198,2,,,0
1600,'2',1001,,1206,2,,,0,105,,1199,2,,,0,105,,1200,2,,,0,105,,1201,2,,,0,105,,1202,2,,,0,105,,1203,2,,,0,105,,1204,2,,,0,105,,1205,2,,,0
1600,'5',716,,1207,2,,,0,105,,1208,2,,,0,35,,1221,2,0,5 8,0,70,,1209,2,,,0,30,,1222,2,,,0,75,,1210,2,,,0,70,,1223,2,,,0,35,,1211,2,,,0,75,,1224,2,,,0,35,,1212,2,,,0,75,,1225,2,,,0,35,,1213,2,,,0,75,,1226,2,,,0,75,,1214,2,,,0,35,,1227,2,,,0,75,,1215,2,,,0,35,,1228,2,,,0,75,,1216,2,,,0,75,,1229,2,0,5 8,0,30,,1217,2,,,0,105,,1218,2,,,0,105,,1219,2,,,0,105,,1220,2,,,0
2301,'1',1040,,1690,27,,,0,105,,1691,27,,,0,105,,1692,27,,,0,105,,1693,27,,,0,145,,1694,27,,,0,105,,1695,27,,,0,105,,1696,27,,,0,105,,1697,27,,,0
2301,'2',1040,,1698,27,,,0,105,,1699,27,,,0,105,,1700,27,,,0,105,,1701,27,,,0,145,,1702,27,,,0,105,,1703,27,,,0,105,,1704,27,,,0
2301,'5',652,,1705,18,0,5,0,105,,1706,18,0,5,0,145,,1707,18,0,5,0,105,,1708,18,0,5,0,105,,1709,18,0,5,0,105,,1710,18,0,5,0,110,,1711,18,0,5,0,110,,1712,18,0,5,0,110,,1713,18,0,5,0,110,,1714,18,0,5,0,150,,1715,18,0,5,0,103,,1716,27,,,0,105,,1717,27,,,0,105,,1718,27,,,0,102,,1719,27,,,0,100,,1720,27,,,0
