900,'5',720,,4152,8,,,0,105,,4153,8,,,0,105,,4154,8,,,0,105,,4155,8,,,0,105,,4156,8,,,0,110,,4157,8,,,0,150,,4158,8,,,0,110,,4159,8,,,0,110,,4160,8,,,0,110,,4161,8,,,0
901,'5',701,,4162,32,,,0,105,,4163,32,,,0,105,,4164,32,,,0,105,,4165,32,,,0,105,,4166,32,,,0,105,,4167,32,,,0,110,,4168,32,,,0,110,,4169,32,,,0,110,,4170,32,,,0,150,,4171,32,,,0,110,,4172,32,,,0
1401,'1',806,,4543,23,,,0,105,,4544,23,,,0,105,,4545,23,,,0,105,,4546,23,,,0,105,,4547,23,,,0,105,,4548,23,,,0,105,,4549,23,,,0,105,,4550,23,,,0,105,,4551,23,,,0,105,,4552,23,,,0
1401,'2',1016,,4553,23,,,0,105,,4554,23,,,0,105,,4555,23,,,0,105,,4556,23,,,0,105,,4557,23,,,0,105,,4558,23,,,0,105,,4559,23,,,0
1401,'5',701,,4560,23,,,0,35,,4575,23,,,0,70,,4561,23,,,0,35,,4576,23,,,0,70,,4562,23,,,0,35,,4577,23,,,0,70,,4563,23,,,0,105,,4564,23,,,0,105,,4565,23,,,0,110,,4566,23,,,0,110,,4567,23,,,0,70,,4578,23,,,0,40,,4568,23,,,0,70,,4579,23,,,0,80,,4569,23,,,0,30,,4580,23,,,0,80,,4570,23,,,0,105,,4571,23,,,0,105,,4572,23,,,0,101,,4573,23,,,0,100,,4574,23,,,0
2300,'1',958,,5130,10,,,0,145,,5131,10,,,0,105,,5132,10,,,0,105,,5133,10,,,0,105,,5134,10,,,0,105,,5135,10,,,0,105,,5136,10,,,0,105,,5137,10,,,0
2300,'2',958,,5138,10,,,0,145,,5139,10,,,0,105,,5140,10,,,0,105,,5141,10,,,0,105,,5142,10,,,0,105,,5143,10,,,0,105,,5144,10,,,0
2300,'5',1828,,5155,10,,,0,105,,5156,10,,,0,105,,5157,10,,,0,102,,5158,10,,,0,100,,5159,10,,,0
2301,'1',1029,,5160,17,,,0,105,,5161,17,,,0,105,,5162,17,,,0,105,,5163,17,,,0,105,,5164,17,,,0,105,,5165,17,,,0,105,,5166,17,,,0,145,,5167,17,,,0
2301,'2',1029,,5168,17,,,0,105,,5169,17,,,0,105,,5170,17,,,0,105,,5171,17,,,0,105,,5172,17,,,0,105,,5173,17,,,0,105,,5174,17,,,0
2301,'5',1859,,5186,17,,,0,145,,5187,17,,,0,105,,5188,17,,,0,103,,5189,17,,,0,100,,5190,17,,,0
