1001,'1',652,,4287,19,,,0,150,,4261,19,,,0,30,,4280,19,,,0,105,,4262,19,,,0,70,,4281,19,,,0,20,,4292,19,,,0,85,,4263,19,,,0,35,,4282,19,,,0,55,,4291,19,,,0,15,,4272,19,,,0,35,,4264,19,,,0,70,,4283,19,,,0,15,,4288,19,,,0,20,,4273,19,,,0,70,,4265,19,,,0,75,,4284,19,,,0,15,,4289,19,,,0,15,,4274,19,,,0,75,,4266,19,,,0,30,,4285,19,,,0,20,,4290,19,,,0,55,,4275,19,,,0,30,,4267,19,,,0,75,,4286,19,0,27 26,0,30,,4276,19,,,0,75,,4268,19,,,0,100,,4277,19,,,0,30,,4269,19,,,0,100,,4278,19,,,0,70,,4270,19,,,0,105,,4279,19,0,27 26,0,25,,4271,19,,,0
1001,'2',907,,4308,19,,,0,30,,4293,19,,,0,70,,4309,19,,,0,35,,4306,19,,,0,70,,4294,19,,,0,35,,4310,19,,,0,70,,4300,19,,,0,35,,4295,19,,,0,70,,4311,19,,,0,35,,4301,19,,,0,70,,4296,19,,,0,75,,4312,19,,,0,30,,4302,19,,,0,75,,4297,19,,,0,30,,4313,19,,,0,75,,4303,19,,,0,30,,4298,19,,,0,75,,4314,19,,,0,30,,4304,19,,,0,75,,4299,19,,,0,100,,4305,19,0,27 26,0
1001,'5',652,,4326,19,,,0,75,,4337,19,,,0,30,,4315,19,,,0,75,,4327,19,,,0,70,,4338,19,,,0,35,,4316,19,,,0,70,,4328,19,,,0,35,,4339,19,,,0,70,,4317,19,,,0,35,,4329,19,,,0,72,,4340,19,,,0,35,,4318,19,,,0,75,,4330,19,,,0,78,,4341,19,,,0,32,,4319,19,,,0,20,,4344,19,,,0,55,,4331,19,,,0,38,,4342,19,,,0,72,,4320,19,,,0,20,,4345,19,,,0,15,,4332,19,,,0,78,,4343,19,,,0,70,,4321,19,,,0,20,,4346,19,,,0,15,,4333,19,,,0,105,,4322,19,,,0,55,,4347,19,,,0,15,,4334,19,,,0,105,,4323,19,,,0,30,,4335,19,,,0,100,,4324,19,,,0,70,,4336,19,,,0,100,,4325,19,0,27 26,0
1501,'1',933,,4627,24,,,0,105,,4628,24,,,0,105,,4629,24,,,0,105,,4630,24,,,0,105,,4631,24,,,0,105,,4632,24,,,0,145,,4633,24,,,0,105,,4634,24,,,0,105,,4635,24,,,0,105,,4636,24,,,0,100,,4637,24,,,0,100,,4638,24,,,0,100,,4639,24,,,0,100,,4640,24,,,0
1501,'2',933,,4641,24,,,0,105,,4642,24,,,0,105,,4643,24,,,0,105,,4644,24,,,0,105,,4645,24,,,0,105,,4646,24,,,0,145,,4647,24,,,0,105,,4648,24,,,0,105,,4649,24,,,0,105,,4650,24,,,0,100,,4651,24,,,0
1501,'5',648,,4652,24,,,0,75,,4659,24,,,0,30,,4653,24,,,0,75,,4660,24,,,0,30,,4654,24,,,0,75,,4661,24,,,0,105,,4662,24,,,0,105,,4663,24,,,0,105,,4664,24,,,0,110,,4665,24,,,0,150,,4666,24,,,0,35,,4655,24,,,0,75,,4667,24,,,0,35,,4656,24,,,0,75,,4668,24,,,0,75,,4657,24,,,0,35,,4669,24,,,0,70,,4658,24,,,0,105,,4670,24,,,0,105,,4671,24,,,0,100,,4672,24,,,0,100,,4673,24,,,0
1600,'1',856,,4674,3,,,0,145,,4675,3,,,0,105,,4676,3,,,0,105,,4677,3,,,0,105,,4678,3,,,0,105,,4679,3,,,0,105,,4680,3,,,0,105,,4681,3,,,0,105,,4682,3,,,0,105,,4683,3,,,0,105,,4684,3,,,0,100,,4685,3,,,0,100,,4686,3,,,0,100,,4687,3,,,0
1600,'2',1001,,4695,3,,,0,105,,4688,3,,,0,105,,4689,3,,,0,105,,4690,3,,,0,105,,4691,3,,,0,105,,4692,3,,,0,105,,4693,3,,,0,105,,4694,3,,,0
1600,'5',717,,4696,3,,,0,105,,4697,3,,,0,35,,4710,3,,,0,70,,4698,3,,,0,105,,4699,3,,,0,105,,4700,3,,,0,110,,4701,3,,,0,110,,4702,3,,,0,75,,4711,3,,,0,75,,4703,3,,,0,35,,4712,3,,,0,75,,4704,3,,,0,35,,4713,3,,,0,75,,4705,3,,,0,75,,4714,3,,,0,30,,4706,3,,,0,105,,4707,3,,,0,105,,4708,3,,,0,104,,4709,3,,,0
2301,'1',1041,,5160,28,,,0,105,,5161,28,,,0,105,,5162,28,,,0,105,,5163,28,,,0,145,,5164,28,,,0,105,,5165,28,,,0,105,,5166,28,,,0,105,,5167,28,,,0
2301,'2',1041,,5168,28,,,0,105,,5169,28,,,0,105,,5170,28,,,0,105,,5171,28,,,0,145,,5172,28,,,0,105,,5173,28,,,0,105,,5174,28,,,0
2301,'5',654,,5175,16,,,0,105,,5176,16,,,0,145,,5177,16,,,0,105,,5178,16,,,0,105,,5179,16,,,0,105,,5180,16,,,0,110,,5181,16,,,0,110,,5182,16,,,0,110,,5183,16,,,0,110,,5184,16,,,0,150,,5185,16,,,0,102,,5186,28,,,0,105,,5187,28,,,0,105,,5188,28,,,0,102,,5189,28,,,0,100,,5190,28,,,0
