200,'1',754,,3782,22,,,0,105,,3790,22,,,0,70,,3798,22,,,0,75,,3783,22,,,0,30,,3804,22,,,0,75,,3791,22,,,0,30,,3799,22,,,0,75,,3784,22,,,0,30,,3805,22,,,0,75,,3792,22,,,0,30,,3800,22,,,0,75,,3785,22,,,0,30,,3806,22,,,0,75,,3793,22,,,0,30,,3801,22,,,0,75,,3786,22,,,0,70,,3807,22,,,0,35,,3794,22,,,0,70,,3802,22,,,0,35,,3787,22,,,0,70,,3808,22,,,0,33,,3795,22,,,0,70,,3803,22,,,0,30,,3788,22,,,0,100,,3796,22,,,0,100,,3789,22,,,0,100,,3797,22,,,0
200,'2',859,,3814,22,,,0,145,,3809,22,,,0,30,,3823,22,,,0,75,,3815,22,,,0,30,,3820,22,,,0,75,,3810,22,,,0,30,,3824,22,,,0,75,,3816,22,,,0,30,,3821,22,,,0,75,,3811,22,,,0,30,,3825,22,,,0,75,,3817,22,,,0,30,,3822,22,,,0,75,,3812,22,,,0,70,,3826,22,,,0,35,,3818,22,,,0,105,,3813,22,,,0,103,,3819,22,,,0
200,'5',649,,3850,22,,,0,70,,3835,22,,,0,35,,3843,22,,,0,70,,3827,22,,,0,35,,3851,22,,,0,70,,3836,22,,,0,75,,3844,22,,,0,30,,3828,22,,,0,75,,3852,22,,,0,30,,3837,22,,,0,75,,3845,22,,,0,35,,3829,22,,,0,55,,3858,22,,,0,20,,3853,22,,,0,35,,3838,22,,,0,55,,3861,22,,,0,20,,3846,22,,,0,75,,3830,22,,,0,15,,3859,22,,,0,20,,3854,22,,,0,75,,3839,22,,,0,15,,3862,22,,,0,20,,3847,22,,,0,75,,3831,22,,,0,15,,3860,22,,,0,60,,3855,22,,,0,30,,3840,22,,,0,75,,3848,22,,,0,30,,3832,22,,,0,75,,3856,22,,,0,30,,3841,22,,,0,73,,3849,22,,,0,30,,3833,22,,,0,70,,3857,22,,,0,30,,3842,22,,,0,100,,3834,22,,,0
1000,'1',625,,4199,1,0,28 10,0,105,,4173,35,,,0,70,,4192,35,,,0,105,,4174,35,,,0,30,,4193,35,,,0,20,,4204,1,0,28 10,0,85,,4175,35,,,0,75,,4194,35,,,0,15,,4203,35,,,0,15,,4184,35,,,0,75,,4176,35,,,0,30,,4195,35,,,0,55,,4200,35,,,0,20,,4185,35,,,0,30,,4177,35,,,0,75,,4196,35,,,0,15,,4201,35,,,0,55,,4186,35,,,0,35,,4178,35,,,0,70,,4197,35,,,0,20,,4202,35,,,0,15,,4187,35,,,0,70,,4179,35,,,0,35,,4198,35,,,0,70,,4188,35,,,0,35,,4180,35,,,0,105,,4189,35,,,0,70,,4181,35,,,0,100,,4190,35,,,0,30,,4182,35,,,0,100,,4191,35,,,0,70,,4183,35,,,0
1000,'2',835,,4220,1,0,28 10,0,70,,4205,35,,,0,30,,4221,1,0,28 10,0,75,,4219,35,,,0,30,,4206,35,,,0,75,,4222,35,,,0,30,,4213,35,,,0,75,,4207,35,,,0,30,,4223,35,,,0,75,,4214,35,,,0,30,,4208,35,,,0,75,,4224,35,,,0,70,,4215,35,,,0,35,,4209,35,,,0,70,,4225,35,,,0,35,,4216,35,,,0,70,,4210,35,,,0,35,,4226,35,,,0,70,,4217,35,,,0,35,,4211,35,,,0,105,,4218,35,,,0,70,,4212,35,,,0
1000,'5',620,,4237,1,0,28 10,0,35,,4249,35,,,0,70,,4227,35,,,0,75,,4239,35,,,0,30,,4250,35,,,0,75,,4228,35,,,0,30,,4240,35,,,0,75,,4251,35,,,0,30,,4229,35,,,0,75,,4241,35,,,0,30,,4252,35,,,0,75,,4230,35,,,0,35,,4242,35,,,0,80,,4253,35,,,0,70,,4231,35,,,0,20,,4260,35,,,0,15,,4243,35,,,0,80,,4254,35,,,0,30,,4238,35,,,0,60,,4257,35,,,0,15,,4244,35,,,0,80,,4255,35,,,0,30,,4232,35,,,0,20,,4258,35,,,0,55,,4245,35,,,0,105,,4233,35,,,0,15,,4259,35,,,0,15,,4246,35,,,0,105,,4234,35,,,0,75,,4247,35,,,0,100,,4235,6,,,0,30,,4248,35,,,0,100,,4236,35,,,0
1500,'1',900,,4581,20,,,0,105,,4582,20,,,0,105,,4583,20,,,0,105,,4584,20,,,0,105,,4585,20,,,0,105,,4586,20,,,0,105,,4587,20,,,0,105,,4588,20,,,0,105,,4589,20,,,0,105,,4590,20,,,0,105,,4591,20,,,0,100,,4592,20,,,0,100,,4593,20,,,0,100,,4594,20,,,0
1500,'2',900,,4595,20,,,0,105,,4596,20,,,0,105,,4597,20,,,0,105,,4598,20,,,0,105,,4599,20,,,0,105,,4600,20,,,0,105,,4601,20,,,0,105,,4602,20,,,0,105,,4603,20,,,0,105,,4604,20,,,0,105,,4605,20,,,0
1500,'5',650,,4612,20,,,0,70,,4606,20,,,0,35,,4613,20,,,0,70,,4607,20,,,0,75,,4614,20,,,0,105,,4615,20,,,0,105,,4616,20,,,0,105,,4617,20,,,0,110,,4618,20,,,0,110,,4619,20,,,0,75,,4608,20,,,0,35,,4620,20,,,0,75,,4609,20,,,0,35,,4621,20,,,0,75,,4610,20,,,0,75,,4622,20,,,0,30,,4611,20,,,0,105,,4623,20,,,0,105,,4624,20,,,0,105,,4625,20,,,0,100,,4626,20,,,0
2900,'1',1118,,5192,23,,,0,105,,5193,23,,,0,105,,5194,23,,,0,105,,5195,23,,,0,105,,5196,23,,,0,105,,5197,23,,,0
2900,'2',1118,,5198,23,,,0,105,,5199,23,,,0,105,,5200,23,,,0,105,,5201,23,,,0,105,,5202,23,,,0,105,,5203,23,,,0
2900,'5',906,,5204,23,,,0,105,,5205,23,,,0,105,,5206,23,,,0,105,,5207,23,,,0,105,,5208,23,,,0,105,,5209,23,,,0,105,,5210,23,,,0,105,,5211,23,,,0,105,,5212,23,,,0,105,,5213,23,,,0,105,,5214,23,,,0
