101,'1',811,,3716,6,,,0,105,,3717,6,,,0,30,,3726,6,,,0,75,,3718,6,,,0,30,,3727,6,,,0,75,,3719,6,,,0,30,,3728,6,,,0,75,,3720,6,,,0,70,,3729,6,,,0,35,,3721,6,,,0,70,,3730,6,,,0,35,,3722,6,,,0,70,,3731,6,,,0,35,,3723,6,,,0,70,,3732,6,,,0,35,,3724,6,,,0,70,,3733,6,,,0,35,,3725,6,,,0,145,,3734,6,,,0,101,,3735,6,,,0,100,,3736,6,,,0,100,,3737,6,,,0,100,,3738,6,,,0,100,,3739,6,,,0
101,'2',916,,3740,6,,,0,105,,3741,6,,,0,105,,3742,6,,,0,105,,3743,6,,,0,105,,3744,6,,,0,105,,3745,6,,,0,105,,3746,6,,,0,105,,3747,6,,,0,105,,3748,6,,,0,145,,3749,6,,,0,101,,3750,6,,,0
101,'5',632,,3751,6,,,0,74,,3762,6,,,0,30,,3752,6,,,0,84,,3763,6,,,0,30,,3753,6,,,0,75,,3774,6,,,0,10,,3764,6,,,0,70,,3754,6,,,0,45,,3765,6,,,0,70,,3755,6,,,0,85,,3766,6,,,0,35,,3756,6,,,0,80,,3767,6,,,0,35,,3757,6,,,0,80,,3768,6,,,0,75,,3758,6,,,0,40,,3769,6,,,0,55,,3780,6,,,0,20,,3759,6,,,0,80,,3770,6,,,0,15,,3781,6,,,0,20,,3760,6,,,0,71,,3771,6,,,0,40,,3761,6,,,0,65,,3772,6,,,0,40,,3775,6,,,0,103,,3776,6,,,0,143,,3777,6,,,0,100,,3778,6,,,0,103,,3779,6,,,0
901,'5',709,,4162,40,,,0,105,,4163,40,,,0,105,,4164,40,,,0,105,,4165,40,,,0,105,,4166,40,,,0,105,,4167,40,,,0,110,,4168,40,,,0,110,,4169,40,,,0,150,,4170,40,,,0,110,,4171,40,,,0,110,,4172,40,,,0
1301,'5',844,,4507,6,,,0
1401,'1',815,,4543,32,,,0,105,,4544,32,,,0,105,,4545,32,,,0,105,,4546,32,,,0,105,,4547,32,,,0,105,,4548,32,,,0,105,,4549,32,,,0,105,,4550,32,,,0,105,,4551,32,,,0,145,,4552,32,,,0
1401,'2',1025,,4553,32,,,0,105,,4554,32,,,0,105,,4555,32,,,0,105,,4556,32,,,0,105,,4557,32,,,0,105,,4558,32,,,0,105,,4559,32,,,0
1401,'5',710,,4560,32,,,0,35,,4575,32,,,0,70,,4561,32,,,0,35,,4576,32,,,0,70,,4562,32,,,0,35,,4577,32,,,0,70,,4563,32,,,0,105,,4564,32,,,0,105,,4565,32,,,0,110,,4566,32,,,0,110,,4567,32,,,0,70,,4578,32,,,0,80,,4568,32,,,0,30,,4579,32,,,0,80,,4569,32,,,0,30,,4580,32,,,0,80,,4570,32,,,0,105,,4571,32,,,0,105,,4572,32,,,0,100,,4573,32,,,0,100,,4574,32,,,0
2301,'1',1033,,5160,25,,,0,105,,5161,25,,,0,105,,5162,25,,,0,105,,5163,25,,,0,105,,5164,25,,,0,105,,5165,25,,,0,145,,5166,25,,,0,105,,5167,25,,,0
2301,'2',1033,,5168,25,,,0,105,,5169,25,,,0,105,,5170,25,,,0,105,,5171,25,,,0,105,,5172,25,,,0,105,,5173,25,,,0,145,,5174,25,,,0
2301,'5',1903,,5186,25,,,0,105,,5187,25,,,0,105,,5188,25,,,0,103,,5189,25,,,0,100,,5190,25,,,0
2900,'1',1103,,5192,8,,,0,105,,5193,8,,,0,105,,5194,8,,,0,105,,5195,8,,,0,105,,5196,8,,,0,105,,5197,8,,,0
2900,'2',1103,,5198,8,,,0,105,,5199,8,,,0,105,,5200,8,,,0,105,,5201,8,,,0,105,,5202,8,,,0,105,,5203,8,,,0
2900,'5',851,,5204,8,,,0,105,,5205,8,,,0,145,,5206,8,,,0,105,,5207,8,,,0,105,,5208,8,,,0,105,,5209,8,,,0,105,,5210,8,,,0,105,,5211,8,,,0,105,,5212,8,,,0,105,,5213,8,,,0,105,,5214,8,,,0
