900,'5',720,,2450,10,,,0,105,,2451,10,,,0,105,,2452,10,,,0,105,,2453,10,,,0,105,,2454,10,,,0,110,,2455,10,,,0,150,,2456,10,,,0,110,,2457,10,,,0,110,,2458,10,,,0,110,,2459,10,,,0
901,'5',702,,2460,35,,,0,105,,2461,35,,,0,105,,2462,35,,,0,105,,2463,35,,,0,105,,2464,35,,,0,105,,2465,35,,,0,110,,2466,35,,,0,110,,2467,35,,,0,110,,2468,35,,,0,150,,2469,35,,,0,110,,2470,35,,,0
1401,'1',807,,2869,25,,,0,105,,2870,25,,,0,105,,2871,25,,,0,105,,2872,25,,,0,105,,2873,25,,,0,105,,2874,25,,,0,105,,2875,25,,,0,105,,2876,25,,,0,105,,2877,25,,,0,105,,2878,25,,,0
1401,'2',1017,,2879,25,,,0,105,,2880,25,,,0,105,,2881,25,,,0,105,,2882,25,,,0,105,,2883,25,,,0,105,,2884,25,,,0,105,,2885,25,,,0
1401,'5',702,,2886,25,,,0,35,,2901,25,,,0,70,,2887,25,,,0,35,,2902,25,,,0,70,,2888,25,,,0,35,,2903,25,,,0,70,,2889,25,,,0,105,,2890,25,,,0,105,,2891,25,,,0,110,,2892,25,,,0,110,,2893,25,,,0,70,,2904,25,,,0,40,,2894,25,,,0,70,,2905,25,,,0,80,,2895,25,,,0,30,,2906,25,,,0,80,,2896,25,,,0,105,,2897,25,,,0,105,,2898,25,,,0,100,,2899,25,,,0,100,,2900,25,,,0
2300,'1',959,,3485,12,,,0,145,,3486,12,,,0,105,,3487,12,,,0,105,,3488,12,,,0,105,,3489,12,,,0,105,,3490,12,,,0,105,,3491,12,,,0,105,,3492,12,,,0
2300,'2',959,,3493,12,,,0,145,,3494,12,,,0,105,,3495,12,,,0,105,,3496,12,,,0,105,,3497,12,,,0,105,,3498,12,,,0,105,,3499,12,,,0
2300,'5',1829,,3510,12,,,0,105,,3511,12,,,0,105,,3512,12,,,0,102,,3513,12,,,0,100,,3514,12,,,0
2301,'1',1029,,3515,19,,,0,105,,3516,19,,,0,105,,3517,19,,,0,105,,3518,19,,,0,105,,3519,19,,,0,105,,3520,19,,,0,105,,3521,19,,,0,145,,3522,19,,,0
2301,'2',1029,,3523,19,,,0,105,,3524,19,,,0,105,,3525,19,,,0,105,,3526,19,,,0,105,,3527,19,,,0,105,,3528,19,,,0,105,,3529,19,,,0
2301,'5',1859,,3541,19,,,0,145,,3542,19,,,0,105,,3543,19,,,0,103,,3544,19,,,0,100,,3545,19,,,0
