201,'1',815,,2134,44,,,0,105,,2126,44,,,0,30,,2147,44,,,0,75,,2135,44,,,0,30,,2142,44,,,0,75,,2127,44,,,0,70,,2148,44,,,0,35,,2136,44,,,0,70,,2143,44,,,0,35,,2128,44,,,0,70,,2149,44,,,0,35,,2137,44,,,0,70,,2144,44,,,0,35,,2129,44,,,0,70,,2150,44,,,0,35,,2138,44,,,0,70,,2145,44,,,0,75,,2130,44,,,0,30,,2151,44,,,0,75,,2139,44,,,0,30,,2146,44,,,0,70,,2131,44,,,0,30,,2152,44,,,0,70,,2140,44,,,0,30,,2153,44,,,0,70,,2132,44,,,0,30,,2154,44,,,0,70,,2141,44,,,0,100,,2133,44,,,0
201,'2',920,,2155,44,,,0,105,,2161,44,,,0,30,,2166,44,,,0,75,,2156,44,,,0,70,,2170,44,,,0,35,,2162,44,,,0,70,,2167,44,,,0,35,,2157,44,,,0,70,,2171,44,,,0,35,,2163,44,,,0,70,,2168,44,,,0,35,,2158,44,,,0,70,,2172,44,,,0,35,,2164,44,,,0,70,,2169,44,,,0,75,,2159,44,,,0,30,,2174,44,,,0,75,,2165,44,,,0,30,,2173,44,,,0,70,,2160,44,,,0
201,'5',710,,2191,44,,,0,30,,2175,44,,,0,75,,2199,44,,,0,30,,2183,44,,,0,55,,2208,44,,,0,20,,2192,44,,,0,30,,2176,44,,,0,75,,2200,44,,,0,30,,2184,44,,,0,75,,2193,44,,,0,70,,2177,44,,,0,35,,2201,44,,,0,75,,2185,44,,,0,35,,2194,44,,,0,75,,2178,44,,,0,35,,2202,44,,,0,75,,2186,44,,,0,15,,2207,44,,,0,60,,2195,44,,,0,20,,2210,44,,,0,15,,2179,44,,,0,15,,2206,44,,,0,60,,2203,44,,,0,20,,2209,44,,,0,15,,2187,44,,,0,55,,2211,44,,,0,20,,2197,44,,,0,30,,2180,44,,,0,75,,2204,44,,,0,70,,2188,44,,,0,35,,2196,44,,,0,70,,2181,44,,,0,30,,2205,44,,,0,70,,2189,44,,,0,30,,2198,44,,,0,70,,2182,44,,,0,100,,2190,44,,,0
301,'1',845,,2308,26,,,0,75,,2298,26,,,0,30,,2318,26,,,0,75,,2309,26,,,0,30,,2299,26,,,0,75,,2319,26,,,0,70,,2310,26,,,0,35,,2300,26,,,0,70,,2320,26,,,0,35,,2311,26,,,0,70,,2301,26,,,0,35,,2321,26,,,0,70,,2312,26,,,0,35,,2302,26,,,0,70,,2322,26,,,0,35,,2313,26,,,0,70,,2303,26,,,0,75,,2323,26,,,0,30,,2314,26,,,0,75,,2304,26,,,0,30,,2324,26,,,0,70,,2315,26,,,0,30,,2305,26,,,0,70,,2325,26,,,0,30,,2316,26,,,0,70,,2306,26,,,0,30,,2326,26,,,0,70,,2317,26,,,0,30,,2307,26,,,0
301,'2',845,,2327,26,,,0,105,,2335,26,,,0,75,,2328,26,,,0,30,,2343,26,,,0,75,,2336,26,,,0,70,,2329,26,,,0,35,,2344,26,,,0,70,,2337,26,,,0,35,,2330,26,,,0,70,,2345,26,,,0,35,,2338,26,,,0,70,,2331,26,,,0,35,,2346,26,,,0,70,,2339,26,,,0,35,,2332,26,,,0,70,,2347,26,,,0,75,,2340,26,,,0,30,,2333,26,,,0,70,,2348,26,,,0,35,,2341,26,,,0,70,,2334,26,,,0
301,'5',710,,2349,26,,,0,30,,2357,26,,,0,75,,2368,26,,,0,20,,2380,26,,,0,10,,2350,26,,,0,55,,2379,26,,,0,20,,2358,26,,,0,15,,2381,26,,,0,15,,2369,26,,,0,75,,2351,26,,,0,30,,2359,26,,,0,75,,2370,26,,,0,70,,2352,26,,,0,35,,2360,26,,,0,75,,2371,26,,,0,35,,2353,26,,,0,75,,2361,26,,,0,35,,2372,26,,,0,75,,2354,26,,,0,75,,2362,26,,,0,35,,2373,26,,,0,60,,2382,26,,,0,15,,2355,26,,,0,10,,2384,26,,,0,25,,2363,26,,,0,60,,2385,26,,,0,15,,2374,26,,,0,10,,2383,26,,,0,20,,2356,26,,,0,75,,2364,26,,,0,70,,2375,26,,,0,105,,2365,26,,,0,30,,2376,26,,,0,100,,2366,26,,,0,70,,2377,26,,,0,100,,2367,26,,,0
1501,'1',915,,2958,10,,,0,105,,2959,10,,,0,105,,2960,10,,,0,105,,2961,10,,,0,105,,2962,10,,,0,105,,2963,10,,,0,105,,2964,10,,,0,105,,2965,10,,,0,105,,2966,10,,,0,145,,2967,10,,,0,103,,2968,10,,,0,100,,2969,10,,,0,100,,2970,10,,,0,100,,2971,10,,,0
1501,'2',915,,2972,10,,,0,105,,2973,10,,,0,105,,2974,10,,,0,105,,2975,10,,,0,105,,2976,10,,,0,105,,2977,10,,,0,105,,2978,10,,,0,105,,2979,10,,,0,105,,2980,10,,,0,145,,2981,10,,,0,103,,2982,10,,,0
1501,'5',633,,2983,10,,,0,72,,2995,10,,,0,30,,2984,10,,,0,75,,2996,10,,,0,30,,2985,10,,,0,75,,2997,10,,,0,30,,2986,10,,,0,75,,2998,10,,,0,30,,2987,10,,,0,75,,2999,10,,,0,30,,2988,10,,,0,75,,3000,10,,,0,75,,2989,10,,,0,35,,3001,10,,,0,75,,2990,10,,,0,35,,3002,10,,,0,75,,2991,10,,,0,75,,3003,10,,,0,35,,2992,10,,,0,75,,3004,10,,,0,35,,2993,10,,,0,75,,3005,10,,,0,30,,2994,10,,,0,105,,3006,10,,,0,145,,3007,10,,,0,103,,3008,10,,,0,100,,3009,10,,,0
2900,'1',1030,,3547,4,,,0,105,,3548,4,,,0,105,,3549,4,,,0,105,,3550,4,,,0,105,,3551,4,,,0,105,,3552,4,,,0
2900,'2',1030,,3553,4,,,0,105,,3554,4,,,0,105,,3555,4,,,0,105,,3556,4,,,0,105,,3557,4,,,0,105,,3558,4,,,0
2900,'5',820,,3560,4,,,0,105,,3559,4,,,0,105,,3561,4,,,0,105,,3562,4,,,0,105,,3563,4,,,0,105,,3564,4,,,0,105,,3565,4,,,0,105,,3566,4,,,0,145,,3567,4,,,0,105,,3568,4,,,0,105,,3569,4,,,0
