300,'1',813,,393,46,4,,0,35,,383,46,4,,0,70,,403,46,4,,0,35,,394,46,4,,0,70,,384,46,4,,0,35,,404,46,4,,0,70,,395,46,4,,0,75,,385,46,4,,0,30,,405,46,4,,0,75,,396,46,4,,0,30,,386,46,4,,0,75,,406,46,4,,0,30,,397,46,4,,0,75,,387,46,4,,0,30,,407,46,4,,0,75,,398,46,4,,0,30,,388,46,4,,0,75,,408,55,4,,0,30,,399,55,4,,0,75,,389,55,4,,0,70,,409,55,4,,0,30,,400,55,4,,0,77,,390,55,4,,0,30,,410,55,4,,0,70,,401,55,4,,0,30,,391,55,4,,0,70,,411,55,4,,0,30,,402,55,4,,0,70,,392,55,4,,0
300,'2',918,,419,55,4,,0,35,,412,55,4,,0,70,,427,55,4,,0,35,,420,55,4,,0,70,,413,55,4,,0,75,,428,55,4,,0,30,,421,55,4,,0,75,,414,55,4,,0,30,,429,55,4,,0,75,,422,55,4,,0,30,,415,55,4,,0,75,,430,55,4,,0,30,,423,55,4,,0,75,,416,55,4,,0,30,,431,55,4,,0,75,,424,55,4,,0,30,,417,55,4,,0,70,,432,55,4,,0,75,,425,55,4,,0,30,,418,55,4,,0,107,,426,55,4,,0
300,'5',708,,440,46,4,,0,35,,451,46,4,,0,60,,468,46,4,,0,10,,433,46,4,,0,20,,462,46,4,,0,15,,441,46,4,,0,55,,463,46,4,,0,15,,452,46,4,,0,35,,434,46,4,,0,70,,442,46,4,,0,35,,453,46,4,,0,70,,435,46,4,,0,75,,443,46,4,,0,30,,454,46,4,,0,80,,436,46,4,,0,30,,444,46,4,,0,80,,455,46,4,,0,30,,437,46,4,,0,80,,445,46,4,,0,70,,456,46,4,,0,25,,464,46,4,,0,15,,438,46,4,,0,10,,466,46,4,,0,60,,446,46,4,,0,25,,467,46,4,,0,15,,457,46,4,,0,50,,465,46,4,,0,20,,439,55,4,,0,35,,447,55,4,,0,70,,458,55,4,,0,105,,448,55,4,,0,70,,459,55,4,,0,107,,449,55,4,,0,30,,460,55,4,,0,100,,450,55,4,,0,70,,461,55,4,,0
301,'1',813,,479,1,0,12 8,0,35,,469,1,0,12 8,0,70,,489,1,0,12 8,0,35,,480,1,0,12 8,0,70,,470,1,0,12 8,0,35,,490,1,0,12 8,0,70,,481,1,0,12 8,0,75,,471,1,0,12 8,0,30,,491,1,0,12 8,0,75,,482,1,0,12 8,0,30,,472,1,0,12 8,0,75,,492,1,0,12 8,0,30,,483,1,0,12 8,0,75,,473,1,0,12 8,0,30,,493,1,0,12 8,0,75,,484,1,0,12 8,0,30,,474,1,0,12 8,0,75,,494,1,0,12 8,0,30,,485,1,0,12 8,0,75,,475,1,0,12 8,0,70,,495,1,0,12 8,0,30,,486,1,0,12 8,0,77,,476,1,0,12 8,0,30,,496,1,0,12 8,0,70,,487,1,0,12 8,0,30,,477,1,0,12 8,0,70,,497,1,0,12 8,0,30,,488,1,0,12 8,0,70,,478,1,0,12 8,0
301,'2',820,,498,1,0,12 8,0,98,,506,1,0,12 8,0,35,,499,1,0,12 8,0,70,,514,1,0,12 8,0,35,,507,1,0,12 8,0,70,,500,1,0,12 8,0,75,,515,1,0,12 8,0,30,,508,1,0,12 8,0,75,,501,1,0,12 8,0,30,,516,1,0,12 8,0,75,,509,1,0,12 8,0,30,,502,1,0,12 8,0,75,,517,1,0,12 8,0,30,,510,1,0,12 8,0,75,,503,1,0,12 8,0,30,,518,1,0,12 8,0,75,,511,1,0,12 8,0,30,,504,1,0,12 8,0,70,,519,1,0,12 8,0,75,,512,1,0,12 8,0,30,,505,1,0,12 8,0,107,,513,1,0,6 7 8,0
301,'5',638,,520,1,0,12 8,0,70,,528,1,0,12 8,0,35,,539,1,0,12 8,0,60,,551,1,0,12 8,0,10,,521,1,0,12 8,0,20,,550,1,0,12 8,0,15,,529,1,0,12 8,0,55,,552,1,0,12 8,0,15,,540,1,0,12 8,0,35,,522,1,0,12 8,0,70,,530,1,0,12 8,0,35,,541,1,0,12 8,0,70,,523,1,0,12 8,0,75,,531,1,0,12 8,0,35,,542,1,0,12 8,0,75,,524,1,0,12 8,0,35,,532,1,0,12 8,0,75,,543,1,0,12 8,0,35,,525,1,0,12 8,0,75,,533,1,0,12 8,0,75,,544,1,0,12 8,0,20,,553,1,0,12 8,0,15,,526,1,0,12 8,0,10,,555,1,0,12 8,0,65,,534,1,0,12 8,0,20,,556,1,0,12 8,0,15,,545,1,0,12 8,0,50,,554,1,0,12 8,0,20,,527,1,0,12 8,0,35,,535,1,0,12 8,0,70,,546,1,0,12 8,0,105,,536,1,0,12 8,0,70,,547,1,0,12 8,0,107,,537,1,0,12 8,0,30,,548,1,0,12 8,0,100,,538,1,0,12 8,0,70,,549,1,0,6 7 8,0
2300,'1',1017,,1660,31,4,,0,105,,1661,31,4,,0,105,,1662,31,4,,0,105,,1663,31,4,,0,105,,1664,31,4,,0,105,,1665,31,4,,0,105,,1666,31,4,,0,105,,1667,31,4,,0
2300,'2',1017,,1668,31,4,,0,105,,1669,31,4,,0,105,,1670,31,4,,0,105,,1671,31,4,,0,105,,1672,31,4,,0,105,,1673,31,4,,0,105,,1674,31,4,,0
2300,'5',732,,1675,20,4,,0,105,,1676,20,4,,0,105,,1677,20,4,,0,105,,1678,20,4,,0,105,,1679,20,4,,0,150,,1680,20,4,,0,110,,1681,20,4,,0,110,,1682,20,4,,0,110,,1683,20,4,,0,110,,1684,20,4,,0,105,,1685,31,4,,0,105,,1686,31,4,,0,105,,1687,31,4,,0,143,,1688,31,4,,0,100,,1689,31,4,,0
2301,'1',1017,,1690,1,,,0,105,,1691,1,,,0,105,,1692,1,,,0,105,,1693,1,,,0,105,,1694,1,,,0,105,,1695,1,,,0,105,,1696,1,,,0,105,,1697,1,,,0
2301,'2',1017,,1698,1,,,0,105,,1699,1,,,0,105,,1700,1,,,0,105,,1701,1,,,0,105,,1702,1,,,0,105,,1703,1,,,0,105,,1704,1,,,0
2301,'5',627,,1705,1,0,5,0,105,,1706,1,0,5,0,105,,1707,1,0,5,0,105,,1708,1,0,5,0,105,,1709,1,0,5,0,105,,1710,1,0,5,0,150,,1711,1,0,5,0,110,,1712,1,0,5,0,110,,1713,1,0,5,0,110,,1714,1,0,5,0,110,,1715,1,0,5,0,105,,1716,1,,,0,105,,1717,1,,,0,105,,1718,1,,,0,143,,1719,1,,,0,100,,1720,1,,,0
