100,'1',737,,1,4,,,0,105,,2,4,,,0,70,,11,4,,,0,35,,3,4,,,0,70,,12,4,,,0,35,,4,4,,,0,70,,13,4,,,0,35,,5,4,,,0,70,,14,4,,,0,75,,6,4,,,0,30,,15,4,,,0,75,,7,4,,,0,30,,16,4,,,0,75,,8,4,,,0,30,,17,4,,,0,75,,9,4,,,0,30,,18,4,,,0,75,,10,4,,,0,30,,25,4,,,0,75,,19,4,,,0,30,,26,4,,,0,75,,20,4,,,0,70,,27,4,,,0,30,,21,4,,,0,70,,28,4,,,0,30,,22,4,,,0,70,,29,4,,,0,30,,23,4,,,0,70,,30,4,,,0,30,,24,4,,,0
100,'2',842,,31,4,,,0,70,,42,4,,,0,35,,32,4,,,0,70,,43,4,,,0,35,,33,4,,,0,70,,44,4,,,0,35,,34,4,,,0,70,,45,4,,,0,75,,35,4,,,0,30,,46,4,,,0,75,,36,4,,,0,30,,47,4,,,0,75,,37,4,,,0,30,,48,4,,,0,75,,38,4,,,0,30,,49,4,,,0,75,,39,4,,,0,30,,50,4,,,0,75,,40,4,,,0,30,,51,4,,,0,75,,41,4,,,0
100,'5',632,,62,4,,,0,70,,52,4,,,0,10,,89,4,,,0,17,,90,4,,,0,10,,63,4,,,0,15,,75,4,,,0,55,,53,4,,,0,15,,74,4,,,0,20,,73,4,,,0,10,,64,4,,,0,60,,76,4,,,0,10,,54,4,,,0,25,,77,4,,,0,60,,65,4,,,0,30,,55,4,,,0,65,,78,4,,,0,20,,66,4,,,0,15,,91,4,,,0,20,,56,4,,,0,60,,79,4,,,0,20,,67,4,,,0,15,,92,4,,,0,60,,57,4,,,0,20,,80,4,,,0,20,,68,4,,,0,50,,84,4,,,0,15,,93,4,,,0,10,,58,4,,,0,20,,81,4,,,0,60,,69,4,,,0,10,,85,4,,,0,15,,94,4,,,0,15,,59,4,,,0,55,,82,4,,,0,20,,70,4,,,0,10,,86,4,,,0,15,,95,4,,,0,55,,60,4,,,0,15,,83,4,,,0,18,,71,4,,,0,10,,87,4,,,0,70,,61,4,,,0,25,,72,4,,,0,80,,88,4,,,0,27,,101,4,,,0,78,,97,4,,,0,75,,102,4,,,0,30,,98,4,,,0,70,,103,4,,,0,30,,99,4,,,0,70,,104,4,,,0,30,,100,4,,,0
200,'1',738,,210,4,,,0,105,,218,4,,,0,70,,226,4,,,0,35,,211,4,,,0,70,,232,4,,,0,35,,219,4,,,0,70,,227,4,,,0,35,,212,4,,,0,70,,233,4,,,0,75,,220,4,,,0,30,,228,4,,,0,75,,213,4,,,0,30,,234,4,,,0,75,,221,4,,,0,30,,229,4,,,0,75,,214,4,,,0,30,,235,4,,,0,75,,222,4,,,0,30,,230,4,,,0,75,,215,4,,,0,30,,236,4,,,0,75,,223,4,,,0,70,,231,4,,,0,30,,216,4,,,0,70,,238,4,,,0,30,,224,4,,,0,70,,237,4,,,0,30,,217,4,,,0,100,,225,4,,,0
200,'2',843,,244,4,,,0,105,,239,4,,,0,70,,253,4,,,0,35,,245,4,,,0,70,,250,4,,,0,35,,240,4,,,0,70,,254,4,,,0,75,,246,4,,,0,30,,251,4,,,0,75,,241,4,,,0,30,,255,4,,,0,75,,247,4,,,0,30,,252,4,,,0,75,,242,4,,,0,30,,256,4,,,0,75,,248,4,,,0,30,,257,4,,,0,75,,243,4,,,0,30,,258,4,,,0,75,,249,4,,,0
200,'5',633,,282,4,,,0,70,,267,4,,,0,35,,275,4,,,0,15,,292,4,,,0,55,,259,4,,,0,15,,293,4,,,0,20,,283,4,,,0,70,,268,4,,,0,35,,276,4,,,0,70,,260,4,,,0,35,,284,4,,,0,70,,269,4,,,0,35,,277,4,,,0,75,,261,4,,,0,75,,285,4,,,0,35,,270,4,,,0,75,,278,4,,,0,35,,262,4,,,0,55,,290,4,,,0,20,,286,4,,,0,20,,294,4,,,0,55,,271,4,,,0,15,,291,4,,,0,20,,279,4,,,0,20,,295,4,,,0,55,,263,4,,,0,15,,296,4,,,0,20,,287,4,,,0,70,,272,4,,,0,35,,280,4,,,0,70,,264,4,,,0,35,,288,4,,,0,70,,273,4,,,0,75,,281,4,,,0,30,,265,4,,,0,70,,289,4,,,0,30,,274,4,,,0,100,,266,4,,,0
300,'1',738,,393,5,,,0,75,,383,5,,,0,30,,403,5,,,0,70,,394,5,,,0,35,,384,5,,,0,70,,404,5,,,0,35,,395,5,,,0,70,,385,5,,,0,35,,405,5,,,0,70,,396,5,,,0,75,,386,5,,,0,30,,406,5,,,0,75,,397,5,,,0,30,,387,5,,,0,75,,407,5,,,0,30,,398,5,,,0,75,,388,5,,,0
300,'5',633,,440,5,,,0,70,,451,5,,,0,20,,468,5,,,0,15,,433,5,,,0,15,,462,5,,,0,55,,441,5,,,0,15,,463,5,,,0,20,,452,5,,,0,70,,434,5,,,0,35,,442,5,,,0,70,,453,5,,,0,35,,435,5,,,0,70,,443,5,,,0,35,,454,5,,,0,75,,436,5,,,0,75,,444,5,,,0,35,,455,5,,,0,75,,437,5,,,0,35,,445,5,,,0,75,,456,5,,,0,20,,464,5,,,0,55,,438,5,,,0,15,,466,5,,,0,20,,446,5,,,0,20,,467,5,,,0,55,,457,5,,,0,15,,465,5,,,0
600,'1',807,,557,4,,,0,105,,558,4,,,0,105,,559,4,,,0,105,,560,4,,,0,105,,561,4,,,0,105,,562,4,,,0,105,,563,4,,,0,105,,564,4,,,0,105,,565,4,,,0,105,,566,4,,,0,105,,567,4,,,0
600,'2',912,,568,4,,,0,105,,569,4,,,0,105,,570,4,,,0,105,,571,4,,,0,105,,572,4,,,0,105,,573,4,,,0,105,,574,4,,,0,105,,575,4,,,0
600,'5',632,,576,4,,,0,70,,577,4,,,0,105,,578,4,,,0,105,,579,4,,,0,105,,580,4,,,0,105,,581,4,,,0,110,,582,4,,,0,110,,583,4,,,0,110,,584,4,,,0,150,,585,4,,,0,110,,586,4,,,0,105,,587,4,,,0,105,,588,4,,,0
