201,'1',740,,3871,6,,,0,105,,3863,6,,,0,70,,3884,6,,,0,35,,3872,6,,,0,70,,3879,6,,,0,35,,3864,6,,,0,70,,3885,6,,,0,75,,3873,6,,,0,30,,3880,6,,,0,75,,3865,6,,,0,30,,3886,6,,,0,75,,3874,6,,,0,30,,3881,6,,,0,75,,3866,6,,,0,30,,3887,6,,,0,75,,3875,6,,,0,30,,3882,6,,,0,75,,3867,6,,,0,30,,3888,6,,,0,75,,3876,6,,,0,70,,3883,6,,,0,35,,3868,6,,,0,70,,3889,6,,,0,30,,3877,6,,,0,100,,3869,6,,,0,100,,3878,6,,,0,100,,3870,6,,,0
201,'2',845,,3890,6,,,0,105,,3896,6,,,0,70,,3901,6,,,0,35,,3891,6,,,0,70,,3905,6,,,0,75,,3897,6,,,0,30,,3902,6,,,0,75,,3892,6,,,0,30,,3906,6,,,0,75,,3898,6,,,0,30,,3903,6,,,0,75,,3893,6,,,0,30,,3907,6,,,0,75,,3899,6,,,0,30,,3904,6,,,0,75,,3894,6,,,0,105,,3900,6,,,0,105,,3895,6,,,0
201,'5',635,,3924,6,,,0,70,,3908,6,,,0,35,,3932,6,,,0,70,,3916,6,,,0,35,,3925,6,,,0,70,,3909,6,,,0,35,,3933,6,,,0,70,,3917,6,,,0,35,,3926,6,,,0,70,,3910,6,,,0,75,,3934,6,,,0,35,,3918,6,,,0,15,,3941,6,,,0,60,,3927,6,,,0,35,,3911,6,,,0,55,,3939,6,,,0,20,,3935,6,,,0,35,,3919,6,,,0,55,,3942,6,,,0,20,,3928,6,,,0,75,,3912,6,,,0,15,,3940,6,,,0,20,,3936,6,,,0,75,,3920,6,,,0,15,,3943,6,,,0,20,,3930,6,,,0,70,,3913,6,,,0,35,,3937,6,,,0,70,,3921,6,,,0,75,,3929,6,,,0,30,,3914,6,,,0,75,,3938,6,,,0,30,,3922,6,,,0,70,,3931,6,,,0,30,,3915,6,,,0,100,,3923,6,,,0
1100,'1',948,,4348,3,,,0,105,,4349,3,,,0,105,,4350,3,,,0,145,,4351,3,,,0,105,,4352,3,,,0,105,,4353,3,,,0,105,,4354,3,,,0,105,,4355,3,,,0
1100,'5',738,,4356,3,,,0,105,,4357,3,,,0,105,,4358,3,,,0,105,,4359,3,,,0,105,,4360,3,,,0,150,,4361,3,,,0,110,,4362,3,,,0,110,,4363,3,,,0,110,,4364,3,,,0,110,,4365,3,,,0
1201,'1',842,,4460,3,,,0,72,,4446,3,,,0,33,,4461,3,,,0,72,,4447,3,,,0,33,,4462,3,,,0,72,,4448,3,,,0,33,,4463,3,,,0,72,,4449,3,,,0,73,,4464,3,,,0,32,,4450,3,,,0,73,,4465,3,,,0,32,,4451,3,,,0,73,,4466,3,,,0,32,,4452,3,,,0,73,,4467,3,,,0,32,,4453,3,,,0,73,,4468,3,,,0,32,,4454,3,,,0,73,,4469,3,,,0,32,,4455,3,,,0,143,,4456,3,,,0,100,,4457,3,,,0,100,,4458,3,,,0,100,,4459,3,,,0
1201,'2',914,,4470,3,,,0,105,,4471,3,,,0,105,,4472,3,,,0,105,,4473,3,,,0,105,,4474,3,,,0,105,,4475,3,,,0,105,,4476,3,,,0,105,,4477,3,,,0,105,,4478,3,,,0,105,,4479,3,,,0,143,,4480,3,,,0
1201,'5',704,,4481,3,,,0,33,,4491,3,,,0,72,,4482,3,,,0,33,,4492,3,,,0,72,,4483,3,,,0,33,,4493,3,,,0,72,,4484,3,,,0,33,,4494,3,,,0,70,,4485,3,,,0,35,,4495,3,,,0,75,,4486,3,,,0,75,,4496,3,,,0,35,,4487,3,,,0,75,,4497,3,,,0,35,,4488,3,,,0,75,,4498,3,,,0,75,,4489,3,,,0,35,,4499,3,,,0,75,,4490,3,,,0,35,,4500,3,,,0,105,,4501,3,,,0,105,,4502,3,,,0,145,,4503,3,,,0,100,,4504,3,,,0,100,,4505,3,,,0
1901,'1',809,,4902,3,,,0,105,,4903,3,,,0,105,,4904,3,,,0,105,,4905,3,,,0,34,,4917,3,,,0,71,,4906,3,,,0,74,,4918,3,,,0,31,,4907,3,,,0,74,,4919,3,,,0,31,,4908,3,,,0,74,,4920,3,,,0,31,,4909,3,,,0,105,,4910,3,,,0,105,,4911,3,,,0,105,,4912,3,,,0,144,,4913,3,,,0,100,,4914,3,,,0,100,,4915,3,,,0,100,,4916,3,,,0
1901,'2',914,,4921,3,,,0,105,,4922,3,,,0,105,,4923,3,,,0,105,,4924,3,,,0,105,,4925,3,,,0,105,,4926,3,,,0,105,,4927,3,,,0,105,,4928,3,,,0,105,,4929,3,,,0,105,,4930,3,,,0,144,,4931,3,,,0
1901,'5',633,,4932,3,,,0,71,,4934,3,,,0,34,,4933,3,,,0,71,,4936,3,,,0,34,,4935,3,,,0,71,,4937,3,,,0,105,,4938,3,,,0,105,,4939,3,,,0,109,,4940,3,,,0,110,,4941,3,,,0,110,,4942,3,,,0,150,,4943,3,,,0,35,,4945,3,,,0,75,,4944,3,,,0,35,,4946,3,,,0,105,,4947,3,,,0,105,,4948,3,,,0,145,,4949,3,,,0,100,,4950,3,,,0,100,,4951,3,,,0
