200,'1',756,,210,24,,,0,145,,218,24,,,0,30,,226,24,,,0,75,,211,24,,,0,30,,232,24,,,0,75,,219,24,,,0,30,,227,24,,,0,75,,212,24,,,0,30,,233,24,,,0,75,,220,24,,,0,30,,228,24,,,0,75,,213,24,,,0,30,,234,24,,,0,75,,221,24,,,0,70,,229,24,,,0,35,,214,24,,,0,70,,235,24,,,0,35,,222,24,,,0,70,,230,24,,,0,35,,215,24,,,0,70,,236,24,,,0,33,,223,24,,,0,70,,231,24,,,0,30,,216,24,,,0,70,,238,24,,,0,30,,224,24,,,0,70,,237,24,,,0,30,,217,24,,,0,100,,225,24,,,0
200,'2',901,,244,24,,,0,105,,239,24,,,0,30,,253,24,,,0,75,,245,24,,,0,30,,250,24,,,0,75,,240,24,,,0,30,,254,24,,,0,75,,246,24,,,0,30,,251,24,,,0,75,,241,24,,,0,30,,255,24,,,0,75,,247,24,,,0,70,,252,24,,,0,35,,242,24,,,0,70,,256,24,,,0,35,,248,24,,,0,70,,257,24,,,0,35,,243,24,,,0,70,,258,24,,,0,33,,249,24,,,0
200,'5',651,,282,24,,,0,70,,267,24,,,0,35,,275,24,,,0,55,,292,24,,,0,15,,259,24,,,0,15,,293,24,,,0,60,,283,24,,,0,30,,268,24,,,0,75,,276,24,,,0,30,,260,24,,,0,75,,284,24,,,0,30,,269,24,,,0,75,,277,24,,,0,35,,261,24,,,0,75,,285,24,,,0,75,,270,24,,,0,35,,278,24,,,0,75,,262,24,,,0,15,,290,24,,,0,20,,286,24,,,0,60,,294,24,,,0,15,,271,24,,,0,15,,291,24,,,0,20,,279,24,,,0,60,,295,24,,,0,15,,263,24,,,0,15,,296,24,,,0,60,,287,24,,,0,30,,272,24,,,0,75,,280,24,,,0,30,,264,24,,,0,75,,288,24,,,0,30,,273,24,,,0,73,,281,24,,,0,30,,265,24,,,0,70,,289,24,,,0,30,,274,24,,,0,100,,266,24,,,0
300,'1',756,,393,28,,,0,75,,383,28,,,0,70,,403,28,,,0,30,,394,28,,,0,75,,384,28,,,0,30,,404,28,,,0,75,,395,28,,,0,30,,385,28,,,0,75,,405,28,,,0,30,,396,28,,,0,75,,386,28,,,0,30,,406,28,,,0,75,,397,28,,,0,30,,387,28,,,0,75,,407,28,,,0,70,,398,28,,,0,35,,388,28,,,0,70,,408,37,,,0,35,,399,37,,,0,70,,389,37,,,0,35,,409,37,,,0,70,,400,37,,,0,33,,390,37,,,0,70,,410,37,,,0,30,,401,37,,,0,70,,391,37,,,0,30,,411,37,,,0,70,,402,37,,,0,30,,392,37,,,0
300,'2',901,,419,37,,,0,30,,412,37,,,0,75,,427,37,,,0,30,,420,37,,,0,75,,413,37,,,0,30,,428,37,,,0,75,,421,37,,,0,30,,414,37,,,0,75,,429,37,,,0,30,,422,37,,,0,75,,415,37,,,0,30,,430,37,,,0,75,,423,37,,,0,70,,416,37,,,0,35,,431,37,,,0,70,,424,37,,,0,35,,417,37,,,0,70,,432,37,,,0,35,,425,37,,,0,70,,418,37,,,0,103,,426,37,,,0
300,'5',651,,440,28,,,0,70,,451,28,,,0,20,,468,28,,,0,15,,433,28,,,0,55,,462,28,,,0,15,,441,28,,,0,15,,463,28,,,0,60,,452,28,,,0,30,,434,28,,,0,75,,442,28,,,0,30,,453,28,,,0,75,,435,28,,,0,30,,443,28,,,0,75,,454,28,,,0,35,,436,28,,,0,75,,444,28,,,0,75,,455,28,,,0,35,,437,28,,,0,75,,445,28,,,0,35,,456,28,,,0,60,,464,28,,,0,15,,438,28,,,0,15,,466,28,,,0,20,,446,28,,,0,60,,467,28,,,0,15,,457,28,,,0,15,,465,28,,,0,60,,439,37,,,0,30,,447,37,,,0,75,,458,37,,,0,105,,448,37,,,0,30,,459,37,,,0,103,,449,37,,,0,70,,460,37,,,0,100,,450,37,,,0,30,,461,37,,,0
1500,'1',901,,1082,23,,,0,105,,1083,23,,,0,105,,1084,23,,,0,105,,1085,23,,,0,105,,1086,23,,,0,105,,1087,23,,,0,105,,1088,23,,,0,105,,1089,23,,,0,105,,1090,23,,,0,105,,1091,23,,,0,105,,1092,23,,,0,100,,1093,23,,,0,100,,1094,23,,,0,100,,1095,23,,,0
1500,'2',901,,1096,23,,,0,105,,1097,23,,,0,105,,1098,23,,,0,105,,1099,23,,,0,105,,1100,23,,,0,105,,1101,23,,,0,105,,1102,23,,,0,105,,1103,23,,,0,105,,1104,23,,,0,105,,1105,23,,,0,105,,1106,23,,,0
1500,'5',651,,1118,23,,,0,70,,1107,23,,,0,35,,1119,23,,,0,70,,1108,23,,,0,75,,1120,23,,,0,30,,1109,23,,,0,75,,1121,23,,,0,30,,1110,23,,,0,75,,1122,23,,,0,30,,1111,23,,,0,75,,1123,23,,,0,35,,1112,23,,,0,75,,1124,23,,,0,75,,1113,23,,,0,35,,1125,23,,,0,75,,1114,23,,,0,35,,1126,23,,,0,75,,1115,23,,,0,35,,1127,23,,,0,75,,1116,23,,,0,75,,1128,23,,,0,30,,1117,23,,,0,105,,1129,23,,,0,105,,1130,23,,,0,105,,1131,23,,,0,100,,1132,23,,,0
2901,'5',915,,1760,24,,,0,105,,1761,24,,,0,105,,1762,24,,,0,105,,1763,24,,,0,105,,1764,24,,,0,105,,1765,24,,,0,105,,1766,24,,,0,105,,1767,24,,,0,105,,1768,24,,,0,145,,1769,24,,,0,105,,1770,24,,,0
