101,'1',809,,3716,5,,,0,105,,3717,5,,,0,30,,3726,5,,,0,75,,3718,5,,,0,30,,3727,5,,,0,75,,3719,5,,,0,30,,3728,5,,,0,75,,3720,5,,,0,30,,3729,5,,,0,75,,3721,5,,,0,70,,3730,5,,,0,35,,3722,5,,,0,70,,3731,5,,,0,35,,3723,5,,,0,70,,3732,5,,,0,35,,3724,5,,,0,70,,3733,5,,,0,35,,3725,5,,,0,105,,3734,5,,,0,142,,3735,5,,,0,100,,3736,5,,,0,100,,3737,5,,,0,100,,3738,5,,,0,100,,3739,5,,,0
101,'2',914,,3740,5,,,0,105,,3741,5,,,0,105,,3742,5,,,0,105,,3743,5,,,0,105,,3744,5,,,0,105,,3745,5,,,0,105,,3746,5,,,0,105,,3747,5,,,0,105,,3748,5,,,0,105,,3749,5,,,0,142,,3750,5,,,0
101,'5',631,,3751,5,,,0,73,,3762,5,,,0,30,,3752,5,,,0,84,,3763,5,,,0,30,,3753,5,,,0,75,,3774,5,,,0,10,,3764,5,,,0,70,,3754,5,,,0,45,,3765,5,,,0,70,,3755,5,,,0,85,,3766,5,,,0,35,,3756,5,,,0,80,,3767,5,,,0,35,,3757,5,,,0,80,,3768,5,,,0,75,,3758,5,,,0,40,,3769,5,,,0,55,,3780,5,,,0,20,,3759,5,,,0,80,,3770,5,,,0,15,,3781,5,,,0,20,,3760,5,,,0,71,,3771,5,,,0,40,,3761,5,,,0,65,,3772,5,,,0,40,,3775,5,,,0,104,,3776,5,,,0,143,,3777,5,,,0,100,,3778,5,,,0,102,,3779,5,,,0
901,'5',707,,4162,39,,,0,105,,4163,39,,,0,105,,4164,39,,,0,105,,4165,39,,,0,105,,4166,39,,,0,105,,4167,39,,,0,110,,4168,39,,,0,110,,4169,39,,,0,150,,4170,39,,,0,110,,4171,39,,,0,110,,4172,39,,,0
1301,'5',843,,4507,5,,,0
1401,'1',813,,4543,31,,,0,105,,4544,31,,,0,105,,4545,31,,,0,105,,4546,31,,,0,105,,4547,31,,,0,105,,4548,31,,,0,105,,4549,31,,,0,105,,4550,31,,,0,105,,4551,31,,,0,105,,4552,31,,,0
1401,'2',1023,,4553,31,,,0,105,,4554,31,,,0,105,,4555,31,,,0,105,,4556,31,,,0,105,,4557,31,,,0,105,,4558,31,,,0,105,,4559,31,,,0
1401,'5',708,,4560,31,,,0,35,,4575,31,,,0,70,,4561,31,,,0,35,,4576,31,,,0,70,,4562,31,,,0,35,,4577,31,,,0,70,,4563,31,,,0,105,,4564,31,,,0,105,,4565,31,,,0,110,,4566,31,,,0,110,,4567,31,,,0,70,,4578,31,,,0,80,,4568,31,,,0,30,,4579,31,,,0,80,,4569,31,,,0,30,,4580,31,,,0,80,,4570,31,,,0,105,,4571,31,,,0,105,,4572,31,,,0,100,,4573,31,,,0,100,,4574,31,,,0
2301,'1',1032,,5160,24,,,0,105,,5161,24,,,0,105,,5162,24,,,0,105,,5163,24,,,0,105,,5164,24,,,0,105,,5165,24,,,0,145,,5166,24,,,0,105,,5167,24,,,0
2301,'2',1032,,5168,24,,,0,105,,5169,24,,,0,105,,5170,24,,,0,105,,5171,24,,,0,105,,5172,24,,,0,105,,5173,24,,,0,145,,5174,24,,,0
2301,'5',1902,,5186,24,,,0,105,,5187,24,,,0,105,,5188,24,,,0,103,,5189,24,,,0,100,,5190,24,,,0
2900,'1',1102,,5192,7,,,0,105,,5193,7,,,0,105,,5194,7,,,0,105,,5195,7,,,0,105,,5196,7,,,0,105,,5197,7,,,0
2900,'2',1102,,5198,7,,,0,105,,5199,7,,,0,105,,5200,7,,,0,105,,5201,7,,,0,105,,5202,7,,,0,105,,5203,7,,,0
2900,'5',850,,5204,7,,,0,105,,5205,7,,,0,145,,5206,7,,,0,105,,5207,7,,,0,105,,5208,7,,,0,105,,5209,7,,,0,105,,5210,7,,,0,105,,5211,7,,,0,105,,5212,7,,,0,105,,5213,7,,,0,105,,5214,7,,,0
