1000,'1',700,,2471,15,,,0,6,,2471,17,,,0,24,,2490,15,,,0,6,,2490,17,,,0,99,,2472,15,,,0,6,,2472,17,,,0,64,,2491,15,,,0,6,,2491,17,,,0,99,,2473,15,,,0,6,,2473,17,,,0,27,,2492,15,,,0,8,,2492,17,,,0,49,,2501,15,,,0,6,,2501,17,,,0,9,,2482,15,,,0,6,,2482,17,,,0,27,,2474,15,,,0,8,,2474,17,,,0,64,,2493,15,,,0,6,,2493,17,,,0,9,,2498,15,,,0,6,,2498,17,,,0,12,,2483,15,,,0,48,,2483,17,,,0,24,,2475,15,,,0,6,,2475,17,,,0,27,,2494,15,,,0,48,,2494,17,,,0,4,,2499,15,,,0,6,,2499,17,,,0,14,,2484,15,,,0,6,,2484,17,,,0,67,,2476,15,,,0,8,,2476,17,,,0,24,,2495,15,,,0,6,,2495,17,,,0,9,,2500,15,,,0,6,,2500,17,,,0,52,,2485,15,,,0,8,,2485,17,,,0,24,,2477,15,,,0,6,,2477,17,,,0,67,,2496,15,,,0,8,,2496,17,,,0,24,,2486,15,,,0,6,,2486,17,,,0,67,,2478,15,,,0,8,,2478,17,,,0,24,,2503,15,,,0,6,,2503,17,,,0,67,,2487,15,,,0,8,,2487,17,,,0,24,,2479,15,,,0,46,,2479,17,,,0,24,,2504,15,,,0,6,,2504,17,,,0,24,,2488,15,,,0,46,,2488,17,,,0,24,,2480,15,,,0,6,,2480,17,,,0,24,,2505,15,,,0,46,,2505,17,,,0,24,,2489,15,,,0,6,,2489,17,,,0,24,,2481,15,,,0,46,,2481,17,,,0,19,,2506,15,0,5 8,0
1000,'5',624,,2551,15,,,0,7,,2551,17,,,0,23,,2529,15,,,0,47,,2529,17,,,0,26,,2541,15,,,0,9,,2541,17,,,0,8,,2562,15,,,0,7,,2562,17,,,0,8,,2552,15,,,0,47,,2552,17,,,0,8,,2563,15,,,0,7,,2563,17,,,0,11,,2530,15,,,0,9,,2530,17,,,0,63,,2542,15,,,0,7,,2542,17,,,0,8,,2570,15,,,0,7,,2570,17,,,0,11,,2553,15,,,0,9,,2553,17,,,0,63,,2531,15,,,0,7,,2531,17,,,0,26,,2543,15,,,0,9,,2543,17,,,0,6,,2571,15,,,0,49,,2571,17,,,0,8,,2554,15,,,0,7,,2554,17,,,0,26,,2532,15,,,0,9,,2532,17,,,0,66,,2544,15,,,0,9,,2544,17,,,0,6,,2572,15,,,0,9,,2572,17,,,0,54,,2555,15,,,0,6,,2555,17,,,0,26,,2533,15,,,0,9,,2533,17,,,0,66,,2545,15,,,0,9,,2545,17,,,0,6,,2573,15,,,0,9,,2573,17,,,0,14,,2556,15,,,0,6,,2556,17,,,0,8,,2565,15,,,0,47,,2565,17,,,0,11,,2540,15,,,0,9,,2540,17,,,0,11,,2559,15,,,0,9,,2559,17,,,0,6,,2546,15,,,0,49,,2546,17,,,0,9,,2564,15,,,0,6,,2564,17,,,0,14,,2557,15,,,0,6,,2557,17,,,0,4,,2566,15,,,0,6,,2566,17,,,0,56,,2534,15,,,0,9,,2534,17,,,0,11,,2560,15,,,0,9,,2560,17,,,0,6,,2547,15,,,0,9,,2547,17,,,0,9,,2569,15,,,0,46,,2569,17,,,0,9,,2558,15,0,5 8,0,15,,2567,15,,,0,6,,2567,17,,,0,11,,2535,15,,,0,9,,2535,17,,,0,8,,2561,15,,,0,47,,2561,17,,,0,8,,2548,15,,,0,7,,2548,17,,,0,84,,2568,15,0,5 8,0,14,,2536,15,,,0,7,,2536,17,,,0,28,,2549,15,,,0,47,,2549,17,,,0,53,,2537,15,,,0,47,,2537,17,,,0,23,,2550,15,,,0,7,,2550,17,,,0,93,,2538,15,,,0,7,,2538,17,,,0
1100,'1',946,,2674,2,,,0,105,,2675,2,,,0,105,,2676,2,,,0,145,,2677,2,,,0,105,,2678,2,,,0,105,,2679,2,,,0,105,,2680,2,,,0,105,,2681,2,,,0
1100,'5',736,,2682,2,,,0,105,,2683,2,,,0,105,,2684,2,,,0,105,,2685,2,,,0,105,,2686,2,,,0,150,,2687,2,,,0,110,,2688,2,,,0,110,,2689,2,,,0,110,,2690,2,,,0,110,,2691,2,,,0
1201,'1',841,,2786,2,,,0,71,,2772,2,,,0,34,,2787,2,,,0,71,,2773,2,,,0,34,,2788,2,,,0,71,,2774,2,,,0,34,,2794,2,,,0,71,,2775,2,,,0,74,,2789,2,,,0,31,,2776,2,,,0,74,,2790,2,,,0,31,,2777,2,,,0,74,,2791,2,,,0,31,,2778,2,,,0,74,,2792,2,,,0,31,,2779,2,,,0,74,,2793,2,,,0,31,,2780,2,,,0,74,,2795,2,,,0,31,,2781,2,,,0,144,,2782,2,,,0,100,,2783,2,,,0,100,,2784,2,,,0,100,,2785,2,,,0
1201,'2',912,,2796,2,,,0,105,,2797,2,,,0,105,,2798,2,,,0,105,,2799,2,,,0,105,,2800,2,,,0,105,,2801,2,,,0,105,,2802,2,,,0,105,,2803,2,,,0,105,,2804,2,,,0,105,,2805,2,,,0,144,,2806,2,,,0
1201,'5',702,,2807,2,0,12,0,34,,2817,2,0,12,0,71,,2808,2,0,12,0,34,,2818,2,0,12,0,71,,2809,2,,,0,34,,2819,2,,,0,71,,2810,2,,,0,34,,2820,2,,,0,70,,2811,2,,,0,35,,2821,2,,,0,75,,2812,2,,,0,75,,2822,2,,,0,35,,2813,2,,,0,75,,2823,2,,,0,35,,2814,2,,,0,75,,2824,2,,,0,75,,2815,2,,,0,35,,2825,2,,,0,75,,2816,2,,,0,35,,2826,2,,,0,105,,2827,2,,,0,105,,2828,2,,,0,145,,2829,2,,,0,100,,2830,2,,,0,100,,2831,2,,,0
1501,'1',940,,2958,31,,,0,105,,2959,31,,,0,105,,2960,31,,,0,105,,2961,31,,,0,145,,2962,31,,,0,105,,2963,31,,,0,105,,2964,31,,,0,105,,2965,31,,,0,105,,2966,31,,,0,105,,2967,31,,,0,100,,2968,31,,,0,100,,2969,31,,,0,100,,2970,31,,,0,100,,2971,31,,,0
1501,'2',940,,2972,31,,,0,105,,2973,31,,,0,105,,2974,31,,,0,105,,2975,31,,,0,145,,2976,31,,,0,105,,2977,31,,,0,105,,2978,31,,,0,105,,2979,31,,,0,105,,2980,31,,,0,105,,2981,31,,,0,100,,2982,31,,,0
1501,'5',655,,2983,31,,,0,75,,2995,31,,,0,70,,2984,31,,,0,35,,2996,31,,,0,70,,2985,31,,,0,35,,2997,31,,,0,70,,2986,31,,,0,35,,2998,31,,,0,70,,2987,31,,,0,35,,2999,31,,,0,70,,2988,31,,,0,35,,3000,31,,,0,75,,2989,31,,,0,75,,3001,31,,,0,35,,2990,31,,,0,75,,3002,31,,,0,35,,2991,31,,,0,75,,3003,31,,,0,75,,2992,31,,,0,35,,3004,31,,,0,75,,2993,31,,,0,35,,3005,31,,,0,70,,2994,31,,,0,105,,3006,31,,,0,105,,3007,31,,,0,100,,3008,31,,,0,100,,3009,31,,,0
1901,'1',807,,3251,2,,,0,105,,3252,2,,,0,105,,3253,2,,,0,105,,3254,2,,,0,34,,3266,2,,,0,71,,3255,2,,,0,74,,3267,2,,,0,31,,3256,2,,,0,74,,3268,2,,,0,31,,3257,2,,,0,74,,3269,2,,,0,31,,3258,2,,,0,105,,3259,2,,,0,105,,3260,2,,,0,105,,3261,2,,,0,144,,3262,2,,,0,100,,3263,2,,,0,100,,3264,2,,,0,100,,3265,2,,,0
1901,'2',912,,3270,2,,,0,105,,3271,2,,,0,105,,3272,2,,,0,105,,3273,2,,,0,105,,3274,2,,,0,105,,3275,2,,,0,105,,3276,2,,,0,105,,3277,2,,,0,105,,3278,2,,,0,105,,3279,2,,,0,144,,3280,2,,,0
1901,'5',631,,3281,2,,,0,71,,3283,2,,,0,34,,3282,2,,,0,71,,3285,2,,,0,34,,3284,2,,,0,71,,3286,2,,,0,34,,3301,2,,,0,71,,3287,2,,,0,34,,3302,2,,,0,71,,3288,2,,,0,34,,3303,2,,,0,75,,3289,2,,,0,75,,3304,2,,,0,35,,3290,2,,,0,75,,3305,2,,,0,35,,3291,2,,,0,75,,3306,2,,,0,75,,3292,2,,,0,35,,3294,2,,,0,75,,3293,2,,,0,35,,3295,2,,,0,105,,3296,2,,,0,105,,3297,2,,,0,145,,3298,2,,,0,100,,3299,2,,,0,100,,3300,2,,,0
2300,'1',946,,3485,2,,,0,105,,3486,2,,,0,105,,3487,2,,,0,145,,3488,2,,,0,105,,3489,2,,,0,105,,3490,2,,,0,105,,3491,2,,,0,105,,3492,2,,,0
2300,'2',946,,3493,2,,,0,105,,3494,2,,,0,105,,3495,2,,,0,145,,3496,2,,,0,105,,3497,2,,,0,105,,3498,2,,,0,105,,3499,2,,,0
2300,'5',701,,3500,2,0,13,0,105,,3501,2,0,13,0,105,,3502,2,0,13,0,105,,3503,2,0,13,0,105,,3504,2,0,13,0,110,,3505,2,0,13,0,110,,3506,2,0,13,0,110,,3507,2,0,13,0,150,,3508,2,0,13,0,110,,3509,2,0,13,0,105,,3510,2,,,0,105,,3511,2,,,0,105,,3512,2,,,0,105,,3513,2,,,0,100,,3514,2,,,0
2600,'5',841,,3546,19,,,0
