900,'5',721,,621,11,,,0,105,,622,11,,,0,105,,623,11,,,0,105,,624,11,,,0,105,,625,11,,,0,110,,626,11,,,0,150,,627,11,,,0,110,,628,11,,,0,110,,629,11,,,0,110,,630,11,,,0
901,'5',703,,631,36,,,0,105,,632,36,,,0,105,,633,36,,,0,105,,634,36,,,0,105,,635,36,,,0,105,,636,36,,,0,110,,637,36,,,0,110,,638,36,,,0,110,,639,36,,,0,150,,640,36,,,0,110,,641,36,,,0
1401,'1',807,,1044,26,,,0,105,,1045,26,,,0,105,,1046,26,,,0,105,,1047,26,,,0,105,,1048,26,,,0,105,,1049,26,,,0,105,,1050,26,,,0,105,,1051,26,,,0,105,,1052,26,,,0,105,,1053,26,,,0
1401,'2',1017,,1054,26,,,0,105,,1055,26,,,0,105,,1056,26,,,0,105,,1057,26,,,0,105,,1058,26,,,0,105,,1059,26,,,0,105,,1060,26,,,0
1401,'5',702,,1061,26,,,0,35,,1076,26,,,0,70,,1062,26,,,0,35,,1077,26,,,0,70,,1063,26,,,0,35,,1078,26,,,0,70,,1064,26,,,0,105,,1065,26,,,0,105,,1066,26,,,0,110,,1067,26,,,0,110,,1068,26,,,0,70,,1079,26,,,0,40,,1069,26,,,0,70,,1080,26,,,0,80,,1070,26,,,0,30,,1081,26,,,0,80,,1071,26,,,0,105,,1072,26,,,0,105,,1073,26,,,0,101,,1074,26,,,0,100,,1075,26,,,0
2300,'1',959,,1660,13,,,0,145,,1661,13,,,0,105,,1662,13,,,0,105,,1663,13,,,0,105,,1664,13,,,0,105,,1665,13,,,0,105,,1666,13,,,0,105,,1667,13,,,0
2300,'2',959,,1668,13,,,0,145,,1669,13,,,0,105,,1670,13,,,0,105,,1671,13,,,0,105,,1672,13,,,0,105,,1673,13,,,0,105,,1674,13,,,0
2300,'5',1829,,1685,13,,,0,105,,1686,13,,,0,105,,1687,13,,,0,102,,1688,13,,,0,100,,1689,13,,,0
2301,'1',1029,,1690,20,,,0,105,,1691,20,,,0,105,,1692,20,,,0,105,,1693,20,,,0,105,,1694,20,,,0,105,,1695,20,,,0,105,,1696,20,,,0,145,,1697,20,,,0
2301,'2',1029,,1698,20,,,0,105,,1699,20,,,0,105,,1700,20,,,0,105,,1701,20,,,0,105,,1702,20,,,0,105,,1703,20,,,0,105,,1704,20,,,0
2301,'5',1859,,1716,20,,,0,145,,1717,20,,,0,105,,1718,20,,,0,103,,1719,20,,,0,100,,1720,20,,,0
