200,'1',755,,3782,23,,,0,145,,3790,23,,,0,30,,3798,23,,,0,75,,3783,23,,,0,30,,3804,23,,,0,75,,3791,23,,,0,30,,3799,23,,,0,75,,3784,23,,,0,30,,3805,23,,,0,75,,3792,23,,,0,30,,3800,23,,,0,75,,3785,23,,,0,30,,3806,23,,,0,75,,3793,23,,,0,70,,3801,23,,,0,35,,3786,23,,,0,70,,3807,23,,,0,35,,3794,23,,,0,70,,3802,23,,,0,35,,3787,23,,,0,70,,3808,23,,,0,33,,3795,23,,,0,70,,3803,23,,,0,30,,3788,23,,,0,100,,3796,23,,,0,100,,3789,23,,,0,100,,3797,23,,,0
200,'2',900,,3814,23,,,0,105,,3809,23,,,0,30,,3823,23,,,0,75,,3815,23,,,0,30,,3820,23,,,0,75,,3810,23,,,0,30,,3824,23,,,0,75,,3816,23,,,0,30,,3821,23,,,0,75,,3811,23,,,0,30,,3825,23,,,0,75,,3817,23,,,0,70,,3822,23,,,0,35,,3812,23,,,0,70,,3826,23,,,0,35,,3818,23,,,0,105,,3813,23,,,0,103,,3819,23,,,0
200,'5',650,,3850,23,,,0,70,,3835,23,,,0,35,,3843,23,,,0,70,,3827,23,,,0,75,,3851,23,,,0,30,,3836,23,,,0,75,,3844,23,,,0,30,,3828,23,,,0,75,,3852,23,,,0,30,,3837,23,,,0,75,,3845,23,,,0,35,,3829,23,,,0,55,,3858,23,,,0,20,,3853,23,,,0,75,,3838,23,,,0,15,,3861,23,,,0,20,,3846,23,,,0,75,,3830,23,,,0,15,,3859,23,,,0,20,,3854,23,,,0,75,,3839,23,,,0,15,,3862,23,,,0,20,,3847,23,,,0,75,,3831,23,,,0,15,,3860,23,,,0,60,,3855,23,,,0,30,,3840,23,,,0,75,,3848,23,,,0,30,,3832,23,,,0,75,,3856,23,,,0,30,,3841,23,,,0,73,,3849,23,,,0,30,,3833,23,,,0,70,,3857,23,,,0,30,,3842,23,,,0,100,,3834,23,,,0
1000,'1',625,,4199,2,0,28 10,0,105,,4173,36,,,0,70,,4192,36,,,0,105,,4174,36,,,0,30,,4193,36,,,0,20,,4204,2,0,28 10,0,85,,4175,36,,,0,75,,4194,36,,,0,15,,4203,36,,,0,15,,4184,36,,,0,75,,4176,36,,,0,30,,4195,36,,,0,55,,4200,36,,,0,20,,4185,36,,,0,30,,4177,36,,,0,75,,4196,36,,,0,15,,4201,36,,,0,55,,4186,36,,,0,35,,4178,36,,,0,70,,4197,36,,,0,20,,4202,36,,,0,15,,4187,36,,,0,70,,4179,36,,,0,35,,4198,36,,,0,70,,4188,36,,,0,35,,4180,36,,,0,105,,4189,36,,,0,70,,4181,36,,,0,100,,4190,36,,,0,30,,4182,36,,,0,100,,4191,36,,,0,70,,4183,36,,,0
1000,'2',835,,4220,2,0,28 10,0,70,,4205,36,,,0,30,,4221,2,0,28 10,0,75,,4219,36,,,0,30,,4206,36,,,0,75,,4222,36,,,0,30,,4213,36,,,0,75,,4207,36,,,0,30,,4223,36,,,0,75,,4214,36,,,0,30,,4208,36,,,0,75,,4224,36,,,0,70,,4215,36,,,0,35,,4209,36,,,0,70,,4225,36,,,0,35,,4216,36,,,0,70,,4210,36,,,0,35,,4226,36,,,0,70,,4217,36,,,0,35,,4211,36,,,0,105,,4218,36,,,0,70,,4212,36,,,0
1000,'5',620,,4237,2,0,28 10,0,35,,4249,36,,,0,70,,4227,36,,,0,75,,4239,36,,,0,30,,4250,36,,,0,75,,4228,36,,,0,30,,4240,36,,,0,75,,4251,36,,,0,30,,4229,36,,,0,75,,4241,36,,,0,30,,4252,36,,,0,75,,4230,36,,,0,35,,4242,36,,,0,80,,4253,36,,,0,70,,4231,36,,,0,20,,4260,36,,,0,15,,4243,36,,,0,80,,4254,36,,,0,30,,4238,36,,,0,60,,4257,36,,,0,15,,4244,36,,,0,80,,4255,36,,,0,30,,4232,36,,,0,20,,4258,36,,,0,55,,4245,36,,,0,105,,4233,36,,,0,15,,4259,36,,,0,15,,4246,36,,,0,105,,4234,36,,,0,75,,4247,36,,,0,130,,4248,36,,,0,100,,4236,36,,,0
1500,'1',900,,4581,21,,,0,105,,4582,21,,,0,105,,4583,21,,,0,105,,4584,21,,,0,105,,4585,21,,,0,105,,4586,21,,,0,105,,4587,21,,,0,105,,4588,21,,,0,105,,4589,21,,,0,105,,4590,21,,,0,105,,4591,21,,,0,100,,4592,21,,,0,100,,4593,21,,,0,100,,4594,21,,,0
1500,'2',900,,4595,21,,,0,105,,4596,21,,,0,105,,4597,21,,,0,105,,4598,21,,,0,105,,4599,21,,,0,105,,4600,21,,,0,105,,4601,21,,,0,105,,4602,21,,,0,105,,4603,21,,,0,105,,4604,21,,,0,105,,4605,21,,,0
1500,'5',650,,4612,21,,,0,70,,4606,21,,,0,35,,4613,21,,,0,70,,4607,21,,,0,75,,4614,21,,,0,105,,4615,21,,,0,105,,4616,21,,,0,105,,4617,21,,,0,110,,4618,21,,,0,110,,4619,21,,,0,75,,4608,21,,,0,35,,4620,21,,,0,75,,4609,21,,,0,35,,4621,21,,,0,75,,4610,21,,,0,75,,4622,21,,,0,30,,4611,21,,,0,105,,4623,21,,,0,105,,4624,21,,,0,105,,4625,21,,,0,100,,4626,21,,,0
2900,'1',1119,,5192,24,,,0,105,,5193,24,,,0,105,,5194,24,,,0,105,,5195,24,,,0,105,,5196,24,,,0,105,,5197,24,,,0
2900,'2',1119,,5198,24,,,0,105,,5199,24,,,0,105,,5200,24,,,0,105,,5201,24,,,0,105,,5202,24,,,0,105,,5203,24,,,0
2900,'5',907,,5204,24,,,0,105,,5205,24,,,0,105,,5206,24,,,0,105,,5207,24,,,0,105,,5208,24,,,0,105,,5209,24,,,0,105,,5210,24,,,0,105,,5211,24,,,0,105,,5212,24,,,0,105,,5213,24,,,0,105,,5214,24,,,0
