201,'1',736,,305,2,,,0,105,,297,2,,,0,70,,318,2,,,0,35,,306,2,,,0,70,,313,2,,,0,35,,298,2,,,0,70,,319,2,,,0,35,,307,2,,,0,70,,314,2,,,0,75,,299,2,,,0,30,,320,2,,,0,75,,308,2,,,0,30,,315,2,,,0,75,,300,2,,,0,30,,321,2,,,0,75,,309,2,,,0,30,,316,2,,,0,75,,301,2,,,0,30,,322,2,,,0,75,,310,2,,,0,30,,317,2,,,0,75,,302,2,,,0,70,,323,2,,,0,30,,311,2,,,0,70,,324,2,,,0,30,,303,2,,,0,70,,325,2,,,0,30,,312,2,,,0,100,,304,2,,,0
201,'2',841,,326,2,,,0,105,,332,2,,,0,70,,337,2,,,0,35,,327,2,,,0,70,,341,2,,,0,35,,333,2,,,0,70,,338,2,,,0,75,,328,2,,,0,30,,342,2,,,0,75,,334,2,,,0,30,,339,2,,,0,75,,329,2,,,0,30,,343,2,,,0,75,,335,2,,,0,30,,340,2,,,0,75,,330,2,,,0,30,,345,2,,,0,75,,336,2,,,0,30,,344,2,,,0,75,,331,2,,,0
201,'5',631,,362,2,,,0,70,,346,2,,,0,35,,370,2,,,0,70,,354,2,,,0,15,,379,2,,,0,20,,363,2,,,0,70,,347,2,,,0,35,,371,2,,,0,70,,355,2,,,0,35,,364,2,,,0,70,,348,2,,,0,35,,372,2,,,0,75,,356,2,,,0,75,,365,2,,,0,35,,349,2,,,0,75,,373,2,,,0,35,,357,2,,,0,55,,378,2,,,0,20,,366,2,,,0,20,,381,2,,,0,55,,350,2,,,0,15,,377,2,,,0,20,,374,2,,,0,20,,380,2,,,0,55,,358,2,,,0,15,,382,2,,,0,20,,368,2,,,0,70,,351,2,,,0,35,,375,2,,,0,70,,359,2,,,0,35,,367,2,,,0,70,,352,2,,,0,75,,376,2,,,0,30,,360,2,,,0,70,,369,2,,,0,30,,353,2,,,0,100,,361,2,,,0
1600,'1',910,,1185,11,,,0,105,,1186,11,,,0,105,,1187,11,,,0,105,,1188,11,,,0,105,,1189,11,,,0,105,,1190,11,,,0,105,,1191,11,,,0,105,,1192,11,,,0,105,,1193,11,,,0,105,,1194,11,,,0,145,,1195,11,,,0,100,,1196,11,,,0,100,,1197,11,,,0,100,,1198,11,,,0
1600,'2',1015,,1206,11,,,0,105,,1199,11,,,0,105,,1200,11,,,0,105,,1201,11,,,0,105,,1202,11,,,0,105,,1203,11,,,0,105,,1204,11,,,0,105,,1205,11,,,0
1600,'5',735,,1207,11,,,0,105,,1208,11,,,0,70,,1221,11,0,5 8,0,35,,1209,11,,,0,70,,1222,11,,,0,35,,1210,11,,,0,70,,1223,11,,,0,35,,1211,11,,,0,75,,1224,11,,,0,75,,1212,11,,,0,35,,1225,11,,,0,75,,1213,11,,,0,35,,1226,11,,,0,75,,1214,11,,,0,75,,1227,11,,,0,35,,1215,11,,,0,75,,1228,11,,,0,35,,1216,11,,,0,70,,1229,11,0,5 8,0,35,,1217,11,,,0,105,,1218,11,,,0,145,,1219,11,,,0,100,,1220,11,,,0
1601,'1',840,,1230,18,,,0,105,,1231,18,,,0,105,,1232,18,,,0,105,,1233,18,,,0,145,,1234,18,,,0,105,,1235,18,,,0,105,,1236,18,,,0,105,,1237,18,,,0,105,,1238,18,,,0,105,,1239,18,,,0,105,,1240,18,,,0,100,,1241,18,,,0,100,,1242,18,,,0,100,,1243,18,,,0
1601,'2',945,,1244,18,,,0,105,,1245,18,,,0,105,,1246,18,,,0,145,,1247,18,,,0,105,,1248,18,,,0,105,,1249,18,,,0,105,,1250,18,,,0,105,,1251,18,,,0
1601,'5',700,,1252,18,,,0,105,,1253,18,,,0,105,,1254,18,,,0,30,,1267,18,,,0,75,,1255,18,,,0,30,,1268,18,,,0,75,,1256,18,,,0,35,,1269,18,,,0,75,,1257,18,,,0,75,,1270,18,,,0,35,,1258,18,,,0,75,,1271,18,,,0,35,,1259,18,,,0,75,,1272,18,,,0,75,,1260,18,,,0,35,,1273,18,,,0,75,,1261,18,,,0,35,,1274,18,,,0,70,,1262,18,,,0,415,,1266,18,,,0
3001,'1',840,,1789,2,,,0,105,,1790,2,,,0,105,,1791,2,,,0,105,,1792,2,,,0,145,,1793,2,,,0,105,,1794,2,,,0,105,,1795,2,,,0,105,,1796,2,,,0
3001,'5',640,,1801,2,,,0,95,,1797,2,,,0,105,,1803,2,,,0,105,,1804,2,,,0,105,,1805,2,,,0,105,,1806,2,,,0,185,,1807,2,,,0,110,,1798,2,,,0,150,,1799,2,,,0,110,,1800,2,,,0,105,,1802,2,,,0
