201,'1',736,,2134,3,,,0,105,,2126,3,,,0,70,,2147,3,,,0,35,,2135,3,,,0,70,,2142,3,,,0,35,,2127,3,,,0,70,,2148,3,,,0,35,,2136,3,,,0,70,,2143,3,,,0,75,,2128,3,,,0,30,,2149,3,,,0,75,,2137,3,,,0,30,,2144,3,,,0,75,,2129,3,,,0,30,,2150,3,,,0,75,,2138,3,,,0,30,,2145,3,,,0,75,,2130,3,,,0,30,,2151,3,,,0,75,,2139,3,,,0,30,,2146,3,,,0,75,,2131,3,,,0,70,,2152,3,,,0,30,,2140,3,,,0,70,,2153,3,,,0,30,,2132,3,,,0,70,,2154,3,,,0,30,,2141,3,,,0,100,,2133,3,,,0
201,'2',841,,2155,3,,,0,105,,2161,3,,,0,70,,2166,3,,,0,35,,2156,3,,,0,70,,2170,3,,,0,35,,2162,3,,,0,70,,2167,3,,,0,75,,2157,3,,,0,30,,2171,3,,,0,75,,2163,3,,,0,30,,2168,3,,,0,75,,2158,3,,,0,30,,2172,3,,,0,75,,2164,3,,,0,30,,2169,3,,,0,75,,2159,3,,,0,30,,2174,3,,,0,75,,2165,3,,,0,30,,2173,3,,,0,75,,2160,3,,,0
201,'5',631,,2191,3,,,0,70,,2175,3,,,0,35,,2199,3,,,0,70,,2183,3,,,0,15,,2208,3,,,0,20,,2192,3,,,0,70,,2176,3,,,0,35,,2200,3,,,0,70,,2184,3,,,0,35,,2193,3,,,0,70,,2177,3,,,0,35,,2201,3,,,0,75,,2185,3,,,0,75,,2194,3,,,0,35,,2178,3,,,0,75,,2202,3,,,0,35,,2186,3,,,0,55,,2207,3,,,0,20,,2195,3,,,0,20,,2210,3,,,0,55,,2179,3,,,0,15,,2206,3,,,0,20,,2203,3,,,0,20,,2209,3,,,0,55,,2187,3,,,0,15,,2211,3,,,0,20,,2197,3,,,0,70,,2180,3,,,0,35,,2204,3,,,0,70,,2188,3,,,0,35,,2196,3,,,0,70,,2181,3,,,0,75,,2205,3,,,0,30,,2189,3,,,0,70,,2198,3,,,0,30,,2182,3,,,0,100,,2190,3,,,0
1600,'1',911,,3010,12,,,0,105,,3011,12,,,0,105,,3012,12,,,0,105,,3013,12,,,0,105,,3014,12,,,0,105,,3015,12,,,0,105,,3016,12,,,0,105,,3017,12,,,0,105,,3018,12,,,0,105,,3019,12,,,0,145,,3020,12,,,0,100,,3021,12,,,0,100,,3022,12,,,0,100,,3023,12,,,0
1600,'2',1016,,3031,12,,,0,105,,3024,12,,,0,105,,3025,12,,,0,105,,3026,12,,,0,105,,3027,12,,,0,105,,3028,12,,,0,105,,3029,12,,,0,105,,3030,12,,,0
1600,'5',736,,3032,12,,,0,105,,3033,12,,,0,70,,3046,12,0,5 8,0,35,,3034,12,,,0,70,,3047,12,,,0,35,,3035,12,,,0,70,,3048,12,,,0,35,,3036,12,,,0,75,,3049,12,,,0,75,,3037,12,,,0,35,,3050,12,,,0,75,,3038,12,,,0,35,,3051,12,,,0,75,,3039,12,,,0,75,,3052,12,,,0,35,,3040,12,,,0,75,,3053,12,,,0,35,,3041,12,,,0,70,,3054,12,0,5 8,0,35,,3042,12,,,0,105,,3043,12,,,0,145,,3044,12,,,0,100,,3045,12,,,0
1601,'1',841,,3055,19,,,0,105,,3056,19,,,0,105,,3057,19,,,0,105,,3058,19,,,0,145,,3059,19,,,0,105,,3060,19,,,0,105,,3061,19,,,0,105,,3062,19,,,0,105,,3063,19,,,0,105,,3064,19,,,0,105,,3065,19,,,0,100,,3066,19,,,0,100,,3067,19,,,0,100,,3068,19,,,0
1601,'2',946,,3069,19,,,0,105,,3070,19,,,0,105,,3071,19,,,0,145,,3072,19,,,0,105,,3073,19,,,0,105,,3074,19,,,0,105,,3075,19,,,0,105,,3076,19,,,0
1601,'5',701,,3077,19,,,0,105,,3078,19,,,0,105,,3079,19,,,0,30,,3092,19,,,0,75,,3080,19,,,0,30,,3093,19,,,0,75,,3081,19,,,0,35,,3094,19,,,0,75,,3082,19,,,0,75,,3095,19,,,0,35,,3083,19,,,0,75,,3096,19,,,0,35,,3084,19,,,0,75,,3097,19,,,0,75,,3085,19,,,0,35,,3098,19,,,0,75,,3086,19,,,0,35,,3099,19,,,0,70,,3087,19,,,0,105,,3088,19,,,0,105,,3089,19,,,0,105,,3090,19,,,0,100,,3091,19,,,0
3001,'1',840,,3611,3,,,0,105,,3612,3,,,0,105,,3613,3,,,0,105,,3614,3,,,0,145,,3615,3,,,0,105,,3616,3,,,0,105,,3617,3,,,0,105,,3618,3,,,0
3001,'5',640,,3623,3,,,0,95,,3619,3,,,0,105,,3625,3,,,0,105,,3626,3,,,0,105,,3627,3,,,0,105,,3628,3,,,0,86,,3630,3,,,0,100,,3629,3,,,0,110,,3620,3,,,0,150,,3621,3,,,0,110,,3622,3,,,0,105,,3624,3,,,0
