101,'1',807,,3716,2,,,0,105,,3717,2,,,0,30,,3726,2,,,0,75,,3718,2,,,0,30,,3727,2,,,0,75,,3719,2,,,0,30,,3728,2,,,0,75,,3720,2,,,0,30,,3729,2,,,0,75,,3721,2,,,0,70,,3730,2,,,0,35,,3722,2,,,0,70,,3731,2,,,0,35,,3723,2,,,0,70,,3732,2,,,0,35,,3724,2,,,0,70,,3733,2,,,0,35,,3725,2,,,0,105,,3734,2,,,0,143,,3735,2,,,0,100,,3736,2,,,0,100,,3737,2,,,0,100,,3738,2,,,0,100,,3739,2,,,0
101,'2',912,,3740,2,,,0,105,,3741,2,,,0,105,,3742,2,,,0,105,,3743,2,,,0,105,,3744,2,,,0,105,,3745,2,,,0,105,,3746,2,,,0,105,,3747,2,,,0,105,,3748,2,,,0,105,,3749,2,,,0,143,,3750,2,,,0
101,'5',630,,3751,2,,,0,72,,3762,2,,,0,30,,3752,2,,,0,83,,3763,2,,,0,30,,3753,2,,,0,75,,3774,2,,,0,10,,3764,2,,,0,70,,3754,2,,,0,45,,3765,2,,,0,70,,3755,2,,,0,85,,3766,2,,,0,35,,3756,2,,,0,80,,3767,2,,,0,35,,3757,2,,,0,80,,3768,2,,,0,75,,3758,2,,,0,40,,3769,2,,,0,55,,3780,2,,,0,20,,3759,2,,,0,80,,3770,2,,,0,15,,3781,2,,,0,20,,3760,2,,,0,72,,3771,2,,,0,40,,3761,2,,,0,65,,3772,2,,,0,40,,3775,2,,,0,105,,3776,2,,,0,143,,3777,2,,,0,100,,3778,2,,,0,100,,3779,2,,,0
900,'5',722,,4152,12,,,0,105,,4153,12,,,0,105,,4154,12,,,0,105,,4155,12,,,0,105,,4156,12,,,0,110,,4157,12,,,0,150,,4158,12,,,0,110,,4159,12,,,0,110,,4160,12,,,0,110,,4161,12,,,0
901,'5',705,,4162,36,,,0,105,,4163,36,,,0,105,,4164,36,,,0,105,,4165,36,,,0,105,,4166,36,,,0,105,,4167,36,,,0,110,,4168,36,,,0,110,,4169,36,,,0,150,,4170,36,,,0,110,,4171,36,,,0,110,,4172,36,,,0
1301,'5',840,,4507,2,,,0
1400,'1',830,,4508,7,,,0,105,,4509,7,,,0,105,,4510,7,,,0,105,,4511,7,,,0,105,,4512,7,,,0,105,,4513,7,,,0,145,,4514,7,,,0,105,,4515,7,,,0,105,,4516,7,,,0
1400,'2',935,,4517,7,,,0,105,,4518,7,,,0,105,,4519,7,,,0,105,,4520,7,,,0,105,,4521,7,,,0,145,,4522,7,,,0,105,,4523,7,,,0
1400,'5',725,,4524,7,,,0,75,,4538,7,,,0,30,,4525,7,,,0,75,,4539,7,,,0,30,,4526,7,,,0,105,,4527,7,,,0,105,,4528,7,,,0,110,,4529,7,,,0,150,,4530,7,,,0,30,,4540,7,,,0,80,,4531,7,,,0,30,,4541,7,,,0,80,,4532,7,,,0,30,,4542,7,,,0,80,,4533,7,,,0,105,,4534,7,,,0,105,,4535,7,,,0,105,,4536,7,,,0,100,,4537,7,,,0
1401,'1',811,,4543,28,,,0,105,,4544,28,,,0,105,,4545,28,,,0,105,,4546,28,,,0,105,,4547,28,,,0,105,,4548,28,,,0,105,,4549,28,,,0,105,,4550,28,,,0,105,,4551,28,,,0,105,,4552,28,,,0
1401,'2',1021,,4553,28,,,0,105,,4554,28,,,0,105,,4555,28,,,0,105,,4556,28,,,0,105,,4557,28,,,0,105,,4558,28,,,0,105,,4559,28,,,0
1401,'5',706,,4560,28,,,0,35,,4575,28,,,0,70,,4561,28,,,0,35,,4576,28,,,0,70,,4562,28,,,0,35,,4577,28,,,0,70,,4563,28,,,0,105,,4564,28,,,0,105,,4565,28,,,0,110,,4566,28,,,0,110,,4567,28,,,0,70,,4578,28,,,0,80,,4568,28,,,0,30,,4579,28,,,0,80,,4569,28,,,0,30,,4580,28,,,0,80,,4570,28,,,0,105,,4571,28,,,0,105,,4572,28,,,0,99,,4573,28,,,0,100,,4574,28,,,0
2300,'1',1000,,5130,14,,,0,105,,5131,14,,,0,105,,5132,14,,,0,105,,5133,14,,,0,105,,5134,14,,,0,105,,5135,14,,,0,105,,5136,14,,,0,105,,5137,14,,,0
2300,'2',1000,,5138,14,,,0,105,,5139,14,,,0,105,,5140,14,,,0,105,,5141,14,,,0,105,,5142,14,,,0,105,,5143,14,,,0,105,,5144,14,,,0
2300,'5',1830,,5155,14,,,0,105,,5156,14,,,0,105,,5157,14,,,0,102,,5158,14,,,0,100,,5159,14,,,0
2301,'1',1031,,5160,21,,,0,105,,5161,21,,,0,105,,5162,21,,,0,105,,5163,21,,,0,105,,5164,21,,,0,105,,5165,21,,,0,145,,5166,21,,,0,105,,5167,21,,,0
2301,'2',1031,,5168,21,,,0,105,,5169,21,,,0,105,,5170,21,,,0,105,,5171,21,,,0,105,,5172,21,,,0,105,,5173,21,,,0,145,,5174,21,,,0
2301,'5',1901,,5186,21,,,0,105,,5187,21,,,0,105,,5188,21,,,0,103,,5189,21,,,0,100,,5190,21,,,0
2900,'1',1101,,5192,4,,,0,105,,5193,4,,,0,105,,5194,4,,,0,105,,5195,4,,,0,105,,5196,4,,,0,105,,5197,4,,,0
2900,'2',1101,,5198,4,,,0,105,,5199,4,,,0,105,,5200,4,,,0,105,,5201,4,,,0,105,,5202,4,,,0,105,,5203,4,,,0
2900,'5',849,,5204,4,,,0,105,,5205,4,,,0,105,,5206,4,,,0,145,,5207,4,,,0,105,,5208,4,,,0,105,,5209,4,,,0,105,,5210,4,,,0,105,,5211,4,,,0,105,,5212,4,,,0,105,,5213,4,,,0,105,,5214,4,,,0
