100,'1',807,,1,37,4,,0,105,,2,37,4,,0,30,,11,37,4,,0,75,,3,37,4,,0,30,,12,37,4,,0,75,,4,37,4,,0,30,,13,37,4,,0,75,,5,37,4,,0,30,,14,37,4,,0,75,,6,37,4,,0,70,,15,37,4,,0,35,,7,37,4,,0,70,,16,37,4,,0,35,,8,37,4,,0,70,,17,37,4,,0,35,,9,37,4,,0,70,,18,37,4,,0,35,,10,37,4,,0,70,,25,37,4,,0,35,,19,37,4,,0,70,,26,37,4,,0,73,,20,37,4,,0,30,,27,37,4,,0,70,,21,37,4,,0,30,,28,37,4,,0,70,,22,37,4,,0,30,,29,37,4,,0,70,,23,37,4,,0,30,,30,37,4,,0,70,,24,37,4,,0
100,'2',912,,31,37,4,,0,30,,42,37,4,,0,75,,32,37,4,,0,30,,43,37,4,,0,75,,33,37,4,,0,30,,44,37,4,,0,75,,34,37,4,,0,30,,45,37,4,,0,75,,35,37,4,,0,70,,46,37,4,,0,35,,36,37,4,,0,70,,47,37,4,,0,35,,37,37,4,,0,70,,48,37,4,,0,35,,38,37,4,,0,70,,49,37,4,,0,35,,39,37,4,,0,70,,50,37,4,,0,35,,40,37,4,,0,70,,51,37,4,,0,73,,41,37,4,,0
100,'5',702,,62,38,4,,0,30,,52,38,4,,0,13,,89,38,4,,0,60,,90,38,4,,0,10,,63,38,4,,0,15,,75,38,4,,0,15,,53,38,4,,0,55,,74,38,4,,0,20,,73,38,4,,0,10,,64,38,4,,0,20,,76,38,4,,0,50,,54,38,4,,0,25,,77,38,4,,0,20,,65,38,4,,0,55,,96,8,4,,0,15,,55,38,4,,0,25,,78,38,4,,0,60,,66,38,4,,0,15,,91,38,4,,0,20,,56,38,4,,0,20,,79,38,4,,0,60,,67,38,4,,0,15,,92,38,4,,0,20,,57,38,4,,0,60,,80,38,4,,0,20,,68,38,4,,0,10,,84,38,4,,0,15,,93,38,4,,0,50,,58,38,4,,0,20,,81,38,4,,0,20,,69,38,4,,0,10,,85,38,4,,0,55,,94,38,4,,0,15,,59,38,4,,0,15,,82,38,4,,0,60,,70,38,4,,0,10,,86,38,4,,0,15,,95,38,4,,0,15,,60,38,4,,0,15,,83,38,4,,0,52,,71,37,4,,0,10,,87,37,4,,0,30,,61,37,4,,0,65,,72,37,4,,0,40,,88,37,4,,0,73,,101,37,4,,0,32,,97,37,4,,0,73,,102,37,4,,0,70,,98,37,4,,0,30,,103,37,4,,0,70,,99,37,4,,0,30,,104,37,4,,0,70,,100,37,4,,0
101,'1',807,,105,1,0,12 8,0,105,,106,1,0,12 8,0,30,,115,1,0,12 8,0,75,,107,1,0,12 8,0,30,,116,1,0,12 8,0,75,,108,1,0,12 8,0,30,,117,1,0,12 8,0,75,,109,1,0,12 8,0,30,,118,1,0,12 8,0,75,,110,1,0,12 8,0,70,,119,1,0,12 8,0,35,,111,1,0,12 8,0,70,,120,1,0,12 8,0,35,,112,1,0,12 8,0,70,,121,1,0,12 8,0,35,,113,1,0,12 8,0,70,,122,1,0,12 8,0,35,,114,1,0,12 8,0,70,,129,1,0,12 8,0,35,,123,1,0,12 8,0,70,,130,1,0,12 8,0,73,,124,1,0,12 8,0,30,,131,1,0,12 8,0,70,,125,1,0,12 8,0,30,,132,1,0,12 8,0,70,,126,1,0,12 8,0,30,,133,1,0,12 8,0,70,,127,1,0,12 8,0,30,,134,1,0,12 8,0,70,,128,1,0,12 8,0
101,'2',912,,135,1,0,12 8,0,30,,146,1,0,12 8,0,75,,136,1,0,12 8,0,30,,147,1,0,12 8,0,75,,137,1,0,12 8,0,30,,148,1,0,12 8,0,75,,138,1,0,12 8,0,30,,149,1,0,12 8,0,75,,139,1,0,12 8,0,70,,150,1,0,12 8,0,35,,140,1,0,12 8,0,70,,151,1,0,12 8,0,35,,141,1,0,12 8,0,70,,152,1,0,12 8,0,35,,142,1,0,12 8,0,70,,153,1,0,12 8,0,35,,143,1,0,12 8,0,70,,154,1,0,12 8,0,35,,144,1,0,12 8,0,70,,155,1,0,12 8,0,73,,145,1,0,12 8,0
101,'5',630,,156,1,0,12 8,0,72,,167,1,0,12 8,0,30,,157,1,0,12 8,0,13,,180,1,0,12 8,0,60,,178,1,0,12 8,0,10,,168,1,0,12 8,0,15,,182,1,0,12 8,0,15,,158,1,0,12 8,0,55,,181,1,0,12 8,0,20,,179,1,0,12 8,0,10,,169,1,0,12 8,0,20,,183,1,0,12 8,0,50,,159,1,0,12 8,0,25,,184,1,0,12 8,0,20,,170,1,0,12 8,0,55,,196,1,0,12 8,0,15,,160,1,0,12 8,0,25,,185,1,0,12 8,0,60,,171,1,0,12 8,0,15,,197,1,0,12 8,0,20,,161,1,0,12 8,0,20,,186,1,0,12 8,0,60,,172,1,0,12 8,0,15,,198,1,0,12 8,0,20,,162,1,0,12 8,0,60,,187,1,0,12 8,0,20,,173,1,0,12 8,0,10,,191,1,0,12 8,0,15,,199,1,0,12 8,0,50,,163,1,0,12 8,0,20,,188,1,0,12 8,0,20,,174,1,0,12 8,0,10,,192,1,0,12 8,0,55,,200,1,0,12 8,0,15,,164,1,0,12 8,0,15,,189,1,0,12 8,0,60,,175,1,0,12 8,0,10,,193,1,0,12 8,0,15,,201,1,0,12 8,0,15,,165,1,0,12 8,0,15,,190,1,0,16 10,0,52,,176,1,0,12 8,0,10,,194,1,0,12 8,0,30,,166,1,0,12 8,0,65,,177,1,0,12 8,0,40,,195,1,0,12 8,0,73,,206,1,0,12 8,0,32,,202,1,0,12 8,0,73,,207,1,0,12 8,0,70,,203,1,0,12 8,0,30,,208,1,0,12 8,0,70,,204,1,0,12 8,0,30,,209,1,0,12 8,0,70,,205,1,0,12 8,0
1300,'5',810,,1003,16,4,,0,30,,1005,16,4,,0,75,,1004,16,4,,0
1301,'5',810,,1006,1,0,12 8,0,30,,1008,1,0,16 17,0,75,,1007,1,0,16 17,0
1400,'1',830,,1009,6,,,0,105,,1010,6,,,0,105,,1011,6,,,0,105,,1012,6,,,0,105,,1013,6,,,0,105,,1014,6,,,0,145,,1015,6,,,0,105,,1016,6,,,0,105,,1017,6,,,0
1400,'2',935,,1018,6,,,0,105,,1019,6,,,0,105,,1020,6,,,0,105,,1021,6,,,0,105,,1022,6,,,0,145,,1023,6,,,0,105,,1024,6,,,0
1400,'5',725,,1025,6,,,0,75,,1039,6,,,0,30,,1026,6,,,0,75,,1040,6,,,0,30,,1027,6,,,0,105,,1028,6,,,0,105,,1029,6,,,0,110,,1030,6,,,0,150,,1031,6,,,0,30,,1041,6,,,0,80,,1032,6,,,0,30,,1042,6,,,0,80,,1033,6,,,0,30,,1043,6,,,0,80,,1034,6,,,0,105,,1035,6,,,0,105,,1036,6,,,0,105,,1037,6,,,0,100,,1038,6,,,0
1401,'1',809,,1044,27,,,0,105,,1045,27,,,0,105,,1046,27,,,0,105,,1047,27,,,0,105,,1048,27,,,0,105,,1049,27,,,0,105,,1050,27,,,0,105,,1051,27,,,0,105,,1052,27,,,0,105,,1053,27,,,0
1401,'2',1019,,1054,27,,,0,105,,1055,27,,,0,105,,1056,27,,,0,105,,1057,27,,,0,105,,1058,27,,,0,105,,1059,27,,,0,105,,1060,27,,,0
1401,'5',704,,1061,27,,,0,35,,1076,27,,,0,70,,1062,27,,,0,35,,1077,27,,,0,70,,1063,27,,,0,35,,1078,27,,,0,70,,1064,27,,,0,105,,1065,27,,,0,105,,1066,27,,,0,110,,1067,27,,,0,110,,1068,27,,,0,70,,1079,27,,,0,40,,1069,27,,,0,70,,1080,27,,,0,80,,1070,27,,,0,30,,1081,27,,,0,80,,1071,27,,,0,105,,1072,27,,,0,105,,1073,27,,,0,101,,1074,27,,,0,100,,1075,27,,,0
