100,'1',737,,1,3,0,23,0,105,,2,3,0,23,0,70,,11,3,0,23,0,35,,3,3,0,23,0,70,,12,3,0,23,0,35,,4,3,0,23,0,70,,13,3,0,23,0,35,,5,3,0,23,0,70,,14,3,0,23,0,75,,6,3,0,23,0,30,,15,3,0,23,0,75,,7,3,0,23,0,30,,16,3,0,23,0,75,,8,3,0,23,0,30,,17,3,0,23,0,75,,9,3,0,23,0,30,,18,3,0,23,0,75,,10,3,0,23,0,30,,25,3,0,23,0,75,,19,3,0,23,0,30,,26,3,0,23,0,75,,20,3,0,23,0,70,,27,3,0,23,0,30,,21,3,0,23,0,70,,28,3,0,23,0,30,,22,3,0,23,0,70,,29,3,0,23,0,30,,23,3,0,23,0,70,,30,3,0,23,0,30,,24,3,0,23,0
100,'2',842,,31,3,0,23,0,70,,42,3,0,23,0,35,,32,3,0,23,0,70,,43,3,0,23,0,35,,33,3,0,23,0,70,,44,3,0,23,0,35,,34,3,0,23,0,70,,45,3,0,23,0,75,,35,3,0,23,0,30,,46,3,0,23,0,75,,36,3,0,23,0,30,,47,3,0,23,0,75,,37,3,0,23,0,30,,48,3,0,23,0,75,,38,3,0,23,0,30,,49,3,0,23,0,75,,39,3,0,23,0,30,,50,3,0,23,0,75,,40,3,0,23,0,30,,51,3,0,23,0,75,,41,3,0,23,0
100,'5',632,,62,3,0,23,0,70,,52,3,0,23,0,10,,89,3,0,23,0,16,,90,3,0,23,0,10,,63,3,0,23,0,15,,75,3,0,23,0,55,,53,3,0,23,0,15,,74,3,0,23,0,20,,73,3,0,23,0,10,,64,3,0,23,0,60,,76,3,0,23,0,10,,54,3,0,23,0,25,,77,3,0,23,0,60,,65,3,0,23,0,30,,55,3,0,23,0,65,,78,3,0,23,0,20,,66,3,0,23,0,15,,91,3,0,23,0,20,,56,3,0,23,0,60,,79,3,0,23,0,20,,67,3,0,23,0,15,,92,3,0,23,0,60,,57,3,0,23,0,20,,80,3,0,23,0,20,,68,3,0,23,0,50,,84,3,0,23,0,15,,93,3,0,23,0,10,,58,3,0,23,0,20,,81,3,0,23,0,60,,69,3,0,23,0,10,,85,3,0,23,0,15,,94,3,0,23,0,15,,59,3,0,23,0,55,,82,3,0,23,0,20,,70,3,0,23,0,10,,86,3,0,23,0,15,,95,3,0,23,0,55,,60,3,0,23,0,15,,83,3,0,23,0,19,,71,3,0,23,0,10,,87,3,0,23,0,70,,61,3,0,23,0,25,,72,3,0,23,0,80,,88,3,0,23,0,26,,101,3,0,23,0,79,,97,3,0,23,0,75,,102,3,0,23,0,30,,98,3,0,23,0,70,,103,3,0,23,0,30,,99,3,0,23,0,70,,104,3,0,23,0,30,,100,3,0,23,0
200,'1',737,,210,3,,,0,105,,218,3,,,0,70,,226,3,,,0,35,,211,3,,,0,70,,232,3,,,0,35,,219,3,,,0,70,,227,3,,,0,35,,212,3,,,0,70,,233,3,,,0,75,,220,3,,,0,30,,228,3,,,0,75,,213,3,,,0,30,,234,3,,,0,75,,221,3,,,0,30,,229,3,,,0,75,,214,3,,,0,30,,235,3,,,0,75,,222,3,,,0,30,,230,3,,,0,75,,215,3,,,0,30,,236,3,,,0,75,,223,3,,,0,70,,231,3,,,0,30,,216,3,,,0,70,,238,3,,,0,30,,224,3,,,0,70,,237,3,,,0,30,,217,3,,,0,100,,225,3,,,0
200,'2',842,,244,3,,,0,105,,239,3,,,0,70,,253,3,,,0,35,,245,3,,,0,70,,250,3,,,0,35,,240,3,,,0,70,,254,3,,,0,75,,246,3,,,0,30,,251,3,,,0,75,,241,3,,,0,30,,255,3,,,0,75,,247,3,,,0,30,,252,3,,,0,75,,242,3,,,0,30,,256,3,,,0,75,,248,3,,,0,30,,257,3,,,0,75,,243,3,,,0,30,,258,3,,,0,75,,249,3,,,0
200,'5',632,,282,3,,,0,70,,267,3,,,0,35,,275,3,,,0,15,,292,3,,,0,55,,259,3,,,0,15,,293,3,,,0,20,,283,3,,,0,70,,268,3,,,0,35,,276,3,,,0,70,,260,3,,,0,35,,284,3,,,0,70,,269,3,,,0,35,,277,3,,,0,75,,261,3,,,0,75,,285,3,,,0,35,,270,3,,,0,75,,278,3,,,0,35,,262,3,,,0,55,,290,3,,,0,20,,286,3,,,0,20,,294,3,,,0,55,,271,3,,,0,15,,291,3,,,0,20,,279,3,,,0,20,,295,3,,,0,55,,263,3,,,0,15,,296,3,,,0,20,,287,3,,,0,70,,272,3,,,0,35,,280,3,,,0,70,,264,3,,,0,35,,288,3,,,0,70,,273,3,,,0,75,,281,3,,,0,30,,265,3,,,0,70,,289,3,,,0,30,,274,3,,,0,100,,266,3,,,0
300,'1',737,,393,4,,,0,75,,383,4,,,0,30,,403,4,,,0,70,,394,4,,,0,35,,384,4,,,0,70,,404,4,,,0,35,,395,4,,,0,70,,385,4,,,0,35,,405,4,,,0,70,,396,4,,,0,75,,386,4,,,0,30,,406,4,,,0,75,,397,4,,,0,30,,387,4,,,0,75,,407,4,,,0,30,,398,4,,,0,75,,388,4,,,0
300,'5',632,,440,4,,,0,70,,451,4,,,0,20,,468,4,,,0,15,,433,4,,,0,15,,462,4,,,0,55,,441,4,,,0,15,,463,4,,,0,20,,452,4,,,0,70,,434,4,,,0,35,,442,4,,,0,70,,453,4,,,0,35,,435,4,,,0,70,,443,4,,,0,35,,454,4,,,0,75,,436,4,,,0,75,,444,4,,,0,35,,455,4,,,0,75,,437,4,,,0,35,,445,4,,,0,75,,456,4,,,0,20,,464,4,,,0,55,,438,4,,,0,15,,466,4,,,0,20,,446,4,,,0,20,,467,4,,,0,55,,457,4,,,0,15,,465,4,,,0
600,'1',807,,557,3,,,0,105,,558,3,,,0,105,,559,3,,,0,105,,560,3,,,0,105,,561,3,,,0,105,,562,3,,,0,105,,563,3,,,0,105,,564,3,,,0,105,,565,3,,,0,105,,566,3,,,0,105,,567,3,,,0
600,'2',912,,568,3,,,0,105,,569,3,,,0,105,,570,3,,,0,105,,571,3,,,0,105,,572,3,,,0,105,,573,3,,,0,105,,574,3,,,0,105,,575,3,,,0
600,'5',632,,576,3,,,0,70,,577,3,,,0,105,,578,3,,,0,105,,579,3,,,0,105,,580,3,,,0,105,,581,3,,,0,110,,582,3,,,0,110,,583,3,,,0,110,,584,3,,,0,150,,585,3,,,0,110,,586,3,,,0,105,,587,3,,,0,105,,588,3,,,0
