900,'5',719,,4152,7,,,0,105,,4153,7,,,0,105,,4154,7,,,0,105,,4155,7,,,0,105,,4156,7,,,0,110,,4157,7,,,0,110,,4158,7,,,0,150,,4159,7,,,0,110,,4160,7,,,0,110,,4161,7,,,0
901,'5',700,,4162,31,,,0,105,,4163,31,,,0,105,,4164,31,,,0,105,,4165,31,,,0,105,,4166,31,,,0,105,,4167,31,,,0,110,,4168,31,,,0,110,,4169,31,,,0,110,,4170,31,,,0,150,,4171,31,,,0,110,,4172,31,,,0
1401,'1',805,,4543,22,,,0,105,,4544,22,,,0,105,,4545,22,,,0,105,,4546,22,,,0,105,,4547,22,,,0,105,,4548,22,,,0,105,,4549,22,,,0,105,,4550,22,,,0,105,,4551,22,,,0,105,,4552,22,,,0
1401,'2',1015,,4553,22,,,0,105,,4554,22,,,0,105,,4555,22,,,0,105,,4556,22,,,0,105,,4557,22,,,0,105,,4558,22,,,0,105,,4559,22,,,0
1401,'5',700,,4560,22,,,0,35,,4575,22,,,0,70,,4561,22,,,0,35,,4576,22,,,0,70,,4562,22,,,0,35,,4577,22,,,0,70,,4563,22,,,0,105,,4564,22,,,0,105,,4565,22,,,0,110,,4566,22,,,0,110,,4567,22,,,0,70,,4578,22,,,0,40,,4568,22,,,0,70,,4579,22,,,0,80,,4569,22,,,0,30,,4580,22,,,0,80,,4570,22,,,0,105,,4571,22,,,0,105,,4572,22,,,0,101,,4573,22,,,0,100,,4574,22,,,0
2300,'1',957,,5130,9,,,0,145,,5131,9,,,0,105,,5132,9,,,0,105,,5133,9,,,0,105,,5134,9,,,0,105,,5135,9,,,0,105,,5136,9,,,0,105,,5137,9,,,0
2300,'2',957,,5138,9,,,0,145,,5139,9,,,0,105,,5140,9,,,0,105,,5141,9,,,0,105,,5142,9,,,0,105,,5143,9,,,0,105,,5144,9,,,0
2300,'5',1827,,5155,9,,,0,105,,5156,9,,,0,105,,5157,9,,,0,103,,5158,9,,,0,100,,5159,9,,,0
2301,'1',1028,,5160,16,,,0,105,,5161,16,,,0,105,,5162,16,,,0,105,,5163,16,,,0,105,,5164,16,,,0,105,,5165,16,,,0,105,,5166,16,,,0,145,,5167,16,,,0
2301,'2',1028,,5168,16,,,0,105,,5169,16,,,0,105,,5170,16,,,0,105,,5171,16,,,0,105,,5172,16,,,0,105,,5173,16,,,0,105,,5174,16,,,0
2301,'5',1858,,5186,16,,,0,145,,5187,16,,,0,105,,5188,16,,,0,103,,5189,16,,,0,100,,5190,16,,,0
