100,'1',735,,3652,1,,,0,105,,3653,1,,,0,70,,3662,1,,,0,35,,3654,1,,,0,70,,3663,1,,,0,35,,3655,1,,,0,70,,3664,1,,,0,35,,3656,1,,,0,70,,3665,1,,,0,75,,3657,1,,,0,30,,3666,1,,,0,75,,3658,1,,,0,30,,3667,1,,,0,75,,3659,1,,,0,30,,3668,1,,,0,75,,3660,1,,,0,30,,3669,1,,,0,75,,3661,1,,,0,105,,3670,1,,,0,105,,3671,1,,,0,100,,3672,1,,,0,100,,3673,1,,,0,100,,3674,1,,,0,100,,3675,1,,,0
100,'2',840,,3676,1,,,0,105,,3677,1,,,0,105,,3678,1,,,0,105,,3679,1,,,0,145,,3680,1,,,0,105,,3681,1,,,0,105,,3682,1,,,0,105,,3683,1,,,0,105,,3684,1,,,0,105,,3685,1,,,0,105,,3686,1,,,0
100,'5',630,,3697,1,,,0,70,,3687,1,,,0,35,,3698,1,,,0,70,,3688,1,,,0,35,,3708,1,,,0,10,,3699,1,,,0,70,,3689,1,,,0,85,,3700,1,,,0,30,,3690,1,,,0,85,,3701,1,,,0,35,,3691,1,,,0,80,,3702,1,,,0,75,,3692,1,,,0,40,,3703,1,,,0,75,,3693,1,,,0,80,,3704,1,,,0,15,,3714,1,,,0,20,,3694,1,,,0,80,,3705,1,,,0,15,,3715,1,,,0,20,,3695,1,,,0,80,,3706,1,,,0,80,,3696,1,,,0,25,,3707,1,,,0,80,,3709,1,,,0,105,,3710,1,,,0,105,,3711,1,,,0,100,,3712,1,,,0,100,,3713,1,,,0
101,'1',840,,3716,33,4,,0,105,,3717,33,4,,0,70,,3726,33,4,,0,35,,3718,33,4,,0,70,,3727,33,4,,0,35,,3719,33,4,,0,70,,3728,33,4,,0,75,,3720,33,4,,0,30,,3729,33,4,,0,75,,3721,33,4,,0,30,,3730,33,4,,0,75,,3722,33,4,,0,30,,3731,33,4,,0,75,,3723,33,4,,0,30,,3732,33,4,,0,75,,3724,33,4,,0,30,,3733,33,4,,0,75,,3725,33,4,,0,105,,3734,33,4,,0,100,,3735,33,4,,0,100,,3736,33,4,,0,100,,3737,33,4,,0,100,,3738,33,4,,0,90,,3739,33,4,,0
101,'2',945,,3740,33,4,,0,105,,3741,33,4,,0,105,,3742,33,4,,0,145,,3743,33,4,,0,105,,3744,33,4,,0,105,,3745,33,4,,0,105,,3746,33,4,,0,105,,3747,33,4,,0,105,,3748,33,4,,0,105,,3749,33,4,,0,100,,3750,33,4,,0
101,'5',700,,3751,33,4,,0,35,,3762,33,4,,0,70,,3752,33,4,,0,35,,3773,27,4,,0,10,,3763,33,4,,0,70,,3753,33,4,,0,35,,3774,33,4,,0,50,,3764,33,4,,0,30,,3754,33,4,,0,85,,3765,33,4,,0,30,,3755,33,4,,0,85,,3766,33,4,,0,75,,3756,33,4,,0,40,,3767,33,4,,0,75,,3757,33,4,,0,80,,3768,33,4,,0,35,,3758,33,4,,0,80,,3769,33,4,,0,15,,3780,33,4,,0,20,,3759,33,4,,0,80,,3770,33,4,,0,15,,3781,33,4,,0,60,,3760,33,4,,0,30,,3771,33,4,,0,80,,3761,33,4,,0,25,,3772,33,4,,0,80,,3775,33,4,,0,102,,3776,33,4,,0,103,,3777,33,4,,0,100,,3778,33,4,,0,95,,3779,33,4,,0
200,'1',735,,3782,1,,,0,105,,3790,1,,,0,70,,3798,1,,,0,35,,3783,1,,,0,70,,3804,1,,,0,35,,3791,1,,,0,70,,3799,1,,,0,35,,3784,1,,,0,70,,3805,1,,,0,75,,3792,1,,,0,30,,3800,1,,,0,75,,3785,1,,,0,30,,3806,1,,,0,75,,3793,1,,,0,30,,3801,1,,,0,75,,3786,1,,,0,30,,3807,1,,,0,75,,3794,1,,,0,30,,3802,1,,,0,75,,3787,1,,,0,30,,3808,1,,,0,75,,3795,1,,,0,70,,3803,1,,,0,30,,3788,1,,,0,100,,3796,1,,,0,100,,3789,1,,,0,100,,3797,1,,,0
200,'2',840,,3814,1,,,0,105,,3809,1,,,0,70,,3823,1,,,0,35,,3815,1,,,0,70,,3820,1,,,0,35,,3810,1,,,0,70,,3824,1,,,0,75,,3816,1,,,0,30,,3821,1,,,0,75,,3811,1,,,0,30,,3825,1,,,0,75,,3817,1,,,0,30,,3822,1,,,0,75,,3812,1,,,0,30,,3826,1,,,0,75,,3818,1,,,0,105,,3813,1,,,0,105,,3819,1,,,0
200,'5',630,,3850,1,,,0,70,,3835,1,,,0,35,,3843,1,,,0,70,,3827,1,,,0,35,,3851,1,,,0,70,,3836,1,,,0,35,,3844,1,,,0,70,,3828,1,,,0,35,,3852,1,,,0,70,,3837,1,,,0,35,,3845,1,,,0,75,,3829,1,,,0,15,,3858,1,,,0,60,,3853,1,,,0,35,,3838,1,,,0,15,,3861,1,,,0,60,,3846,1,,,0,35,,3830,1,,,0,55,,3859,1,,,0,20,,3854,1,,,0,75,,3839,1,,,0,15,,3862,1,,,0,20,,3847,1,,,0,75,,3831,1,,,0,15,,3860,1,,,0,20,,3855,1,,,0,70,,3840,1,,,0,35,,3848,1,,,0,70,,3832,1,,,0,35,,3856,1,,,0,70,,3841,1,,,0,75,,3849,1,,,0,30,,3833,1,,,0,70,,3857,1,,,0,30,,3842,1,,,0,100,,3834,1,,,0
201,'1',840,,3871,67,4,,0,105,,3863,67,4,,0,70,,3884,67,4,,0,35,,3872,67,4,,0,70,,3879,67,4,,0,35,,3864,67,4,,0,70,,3885,67,4,,0,75,,3873,67,4,,0,30,,3880,67,4,,0,75,,3865,67,4,,0,30,,3886,67,4,,0,75,,3874,67,4,,0,30,,3881,67,4,,0,75,,3866,67,4,,0,30,,3887,67,4,,0,75,,3875,67,4,,0,30,,3882,67,4,,0,75,,3867,67,4,,0,30,,3888,67,4,,0,75,,3876,67,4,,0,70,,3883,67,4,,0,30,,3868,67,4,,0,70,,3889,67,4,,0,30,,3877,67,4,,0,100,,3869,67,4,,0,100,,3878,67,4,,0,90,,3870,67,4,,0
201,'2',945,,3890,67,4,,0,105,,3896,67,4,,0,70,,3901,67,4,,0,35,,3891,67,4,,0,70,,3905,67,4,,0,75,,3897,67,4,,0,30,,3902,67,4,,0,75,,3892,67,4,,0,30,,3906,67,4,,0,75,,3898,67,4,,0,30,,3903,67,4,,0,75,,3893,67,4,,0,30,,3907,67,4,,0,75,,3899,67,4,,0,30,,3904,67,4,,0,75,,3894,67,4,,0,105,,3900,67,4,,0,100,,3895,67,4,,0
201,'5',735,,3924,67,4,,0,70,,3908,67,4,,0,35,,3932,67,4,,0,70,,3916,67,4,,0,35,,3925,67,4,,0,70,,3909,67,4,,0,35,,3933,67,4,,0,70,,3917,67,4,,0,35,,3926,67,4,,0,70,,3910,67,4,,0,75,,3934,67,4,,0,35,,3918,67,4,,0,15,,3941,67,4,,0,60,,3927,67,4,,0,35,,3911,67,4,,0,55,,3939,67,4,,0,20,,3935,67,4,,0,35,,3919,67,4,,0,55,,3942,67,4,,0,20,,3928,67,4,,0,75,,3912,67,4,,0,15,,3940,67,4,,0,20,,3936,67,4,,0,75,,3920,67,4,,0,15,,3943,67,4,,0,20,,3930,67,4,,0,70,,3913,67,4,,0,35,,3937,67,4,,0,70,,3921,67,4,,0,75,,3929,67,4,,0,30,,3914,67,4,,0,70,,3938,67,4,,0,30,,3922,67,4,,0,70,,3931,67,4,,0,30,,3915,67,4,,0,90,,3923,67,4,,0
300,'1',735,,3954,1,,,0,75,,3944,1,,,0,30,,3964,1,,,0,70,,3955,1,,,0,35,,3945,1,,,0,70,,3965,1,,,0,35,,3956,1,,,0,70,,3946,1,,,0,35,,3966,1,,,0,70,,3957,1,,,0,75,,3947,1,,,0,30,,3967,1,,,0,75,,3958,1,,,0,30,,3948,1,,,0,75,,3968,1,,,0,30,,3959,1,,,0,75,,3949,1,,,0,30,,3969,1,,,0,75,,3960,1,,,0,30,,3950,1,,,0,75,,3970,1,,,0,30,,3961,1,,,0,75,,3951,1,,,0,100,,3962,1,,,0,70,,3952,1,,,0,100,,3963,1,,,0,30,,3953,1,,,0
300,'2',840,,3978,1,,,0,70,,3971,1,,,0,105,,3979,1,,,0,35,,3972,1,,,0,105,,3980,1,,,0,70,,3973,1,,,0,105,,3981,1,,,0,75,,3974,1,,,0,105,,3982,1,,,0,30,,3975,1,,,0,105,,3983,1,,,0,75,,3976,1,,,0,105,,3984,1,,,0,30,,3977,1,,,0,145,,3985,1,,,0
300,'5',630,,3993,1,,,0,70,,4004,1,,,0,35,,3986,1,,,0,70,,3994,1,,,0,35,,4005,1,,,0,70,,3987,1,,,0,35,,3995,1,,,0,70,,4006,1,,,0,35,,3988,1,,,0,70,,3996,1,,,0,35,,4007,1,,,0,75,,3989,1,,,0,75,,3997,1,,,0,35,,4008,1,,,0,75,,3990,1,,,0,35,,3998,1,,,0,75,,4009,1,,,0,75,,3991,1,,,0,35,,3999,1,,,0,75,,4010,1,,,0,35,,3992,1,,,0,70,,4000,1,,,0,35,,4011,1,,,0,105,,4001,1,,,0,70,,4012,1,,,0,105,,4002,1,,,0,70,,4013,1,,,0,100,,4003,1,,,0,30,,4014,1,,,0
301,'1',910,,4025,49,4,,0,35,,4015,49,4,,0,70,,4035,49,4,,0,35,,4026,49,4,,0,70,,4016,49,4,,0,35,,4036,49,4,,0,70,,4027,49,4,,0,75,,4017,49,4,,0,30,,4037,49,4,,0,75,,4028,49,4,,0,30,,4018,49,4,,0,75,,4038,49,4,,0,30,,4029,49,4,,0,75,,4019,49,4,,0,30,,4039,49,4,,0,75,,4030,49,4,,0,30,,4020,59,4,,0,75,,4040,59,4,,0,30,,4031,59,4,,0,75,,4021,59,4,,0,70,,4041,59,4,,0,30,,4032,59,4,,0,70,,4022,59,4,,0,100,,4033,59,4,,0,30,,4023,59,4,,0,100,,4034,59,4,,0,70,,4024,59,4,,0
301,'2',910,,4042,59,4,,0,102,,4050,59,4,,0,35,,4043,59,4,,0,105,,4051,59,4,,0,70,,4044,59,4,,0,105,,4052,59,4,,0,75,,4045,59,4,,0,105,,4053,59,4,,0,30,,4046,59,4,,0,105,,4054,59,4,,0,75,,4047,59,4,,0,105,,4055,59,4,,0,30,,4048,59,4,,0,105,,4056,59,4,,0,70,,4049,59,4,,0
301,'5',735,,4058,49,4,,0,70,,4066,49,4,,0,35,,4077,49,4,,0,70,,4059,49,4,,0,35,,4067,49,4,,0,70,,4078,49,4,,0,35,,4060,49,4,,0,70,,4068,49,4,,0,35,,4079,49,4,,0,70,,4061,49,4,,0,75,,4069,49,4,,0,35,,4080,49,4,,0,70,,4062,49,4,,0,40,,4070,49,4,,0,75,,4081,49,4,,0,35,,4063,49,4,,0,75,,4071,49,4,,0,75,,4082,49,4,,0,35,,4064,49,4,,0,75,,4072,49,4,,0,35,,4083,59,4,,0,63,,4065,59,4,,0,42,,4073,59,4,,0,70,,4084,59,4,,0,105,,4074,59,4,,0,70,,4085,59,4,,0,100,,4075,59,4,,0,30,,4086,59,4,,0,90,,4076,59,4,,0
600,'1',805,,4088,1,,,0,105,,4089,1,,,0,105,,4090,1,,,0,105,,4091,1,,,0,105,,4092,1,,,0,105,,4093,1,,,0,105,,4094,1,,,0,105,,4095,1,,,0,105,,4096,1,,,0,105,,4097,1,,,0,105,,4098,1,,,0
600,'2',910,,4099,1,,,0,105,,4100,1,,,0,105,,4101,1,,,0,105,,4102,1,,,0,105,,4103,1,,,0,105,,4104,1,,,0,105,,4105,1,,,0,105,,4106,1,,,0
600,'5',630,,4107,1,,,0,70,,4108,1,,,0,105,,4109,1,,,0,105,,4110,1,,,0,105,,4111,1,,,0,105,,4112,1,,,0,110,,4113,1,,,0,110,,4114,1,,,0,110,,4115,1,,,0,150,,4116,1,,,0,110,,4117,1,,,0,105,,4118,1,,,0,105,,4119,1,,,0
601,'1',840,,4120,16,4,,0,105,,4121,16,4,,0,105,,4122,16,4,,0,105,,4123,16,4,,0,145,,4124,16,4,,0,105,,4125,16,4,,0,105,,4126,16,4,,0,105,,4127,16,4,,0,105,,4128,16,4,,0,105,,4129,16,4,,0,105,,4130,16,4,,0
601,'2',945,,4131,16,4,,0,105,,4132,16,4,,0,105,,4133,16,4,,0,145,,4134,16,4,,0,105,,4135,16,4,,0,105,,4136,16,4,,0,105,,4137,16,4,,0,105,,4138,16,4,,0
601,'5',700,,4139,16,4,,0,35,,4140,16,4,,0,105,,4141,16,4,,0,105,,4142,16,4,,0,105,,4143,16,4,,0,105,,4144,16,4,,0,150,,4145,16,4,,0,110,,4146,16,4,,0,110,,4147,16,4,,0,110,,4148,16,4,,0,110,,4149,16,4,,0,105,,4150,16,4,,0,105,,4151,16,4,,0
1200,'1',840,,4386,1,,,0,70,,4400,1,,,0,35,,4387,1,,,0,70,,4401,1,,,0,35,,4388,1,,,0,70,,4402,1,,,0,35,,4389,1,,,0,70,,4403,1,,,0,75,,4390,1,,,0,30,,4404,1,,,0,75,,4391,1,,,0,30,,4405,1,,,0,75,,4392,1,,,0,30,,4406,1,,,0,75,,4393,1,,,0,30,,4407,1,,,0,75,,4394,1,,,0,30,,4408,1,,,0,75,,4395,1,,,0,105,,4396,1,,,0,100,,4397,1,,,0,100,,4398,1,,,0,100,,4399,1,,,0
1200,'2',840,,4409,1,,,0,105,,4410,1,,,0,105,,4411,1,,,0,105,,4412,1,,,0,145,,4413,1,,,0,105,,4414,1,,,0,105,,4415,1,,,0,105,,4416,1,,,0,105,,4417,1,,,0,105,,4418,1,,,0,105,,4419,1,,,0
1200,'5',700,,4430,1,,,0,35,,4420,1,,,0,70,,4431,1,,,0,35,,4421,1,,,0,70,,4432,1,,,0,35,,4422,1,,,0,70,,4433,1,,,0,35,,4423,1,,,0,70,,4434,1,,,0,35,,4424,1,,,0,75,,4435,1,,,0,75,,4425,1,,,0,35,,4436,1,,,0,75,,4426,1,,,0,35,,4437,1,,,0,75,,4427,1,,,0,75,,4438,1,,,0,35,,4428,1,,,0,75,,4439,1,,,0,35,,4429,1,,,0,70,,4440,1,,,0,105,,4441,1,,,0,105,,4442,1,,,0,105,,4443,1,,,0,100,,4444,1,,,0,100,,4445,1,,,0
1201,'1',910,,4460,35,4,,0,35,,4446,35,4,,0,70,,4461,35,4,,0,35,,4447,35,4,,0,70,,4462,35,4,,0,35,,4448,35,4,,0,70,,4463,35,4,,0,75,,4449,35,4,,0,30,,4464,35,4,,0,75,,4450,35,4,,0,30,,4465,35,4,,0,75,,4451,35,4,,0,30,,4466,35,4,,0,75,,4452,35,4,,0,30,,4467,35,4,,0,75,,4453,35,4,,0,30,,4468,35,4,,0,75,,4454,35,4,,0,30,,4469,35,4,,0,75,,4455,35,4,,0,100,,4456,35,4,,0,100,,4457,35,4,,0,100,,4458,35,4,,0,100,,4459,35,4,,0
1201,'2',945,,4470,35,4,,0,105,,4471,35,4,,0,105,,4472,35,4,,0,145,,4473,35,4,,0,105,,4474,35,4,,0,105,,4475,35,4,,0,105,,4476,35,4,,0,105,,4477,35,4,,0,105,,4478,35,4,,0,105,,4479,35,4,,0,100,,4480,35,4,,0
1201,'5',735,,4481,34,4,,0,70,,4491,34,4,,0,35,,4482,34,4,,0,70,,4492,34,4,,0,35,,4483,35,4,,0,70,,4493,35,4,,0,35,,4484,35,4,,0,70,,4494,35,4,,0,30,,4485,35,4,,0,75,,4495,35,4,,0,75,,4486,35,4,,0,35,,4496,35,4,,0,75,,4487,35,4,,0,35,,4497,35,4,,0,75,,4488,35,4,,0,35,,4498,35,4,,0,75,,4489,35,4,,0,75,,4499,35,4,,0,35,,4490,35,4,,0,75,,4500,35,4,,0,105,,4501,35,4,,0,105,,4502,35,4,,0,105,,4503,35,4,,0,100,,4504,35,4,,0,100,,4505,35,4,,0
1300,'5',805,,4506,1,,,0
1800,'1',840,,4756,1,,,0,105,,4757,1,,,0,105,,4758,1,,,0,105,,4759,1,,,0,145,,4760,1,,,0,105,,4761,1,,,0,105,,4762,1,,,0,105,,4763,1,,,0,105,,4764,1,,,0,105,,4765,1,,,0,105,,4766,1,,,0,100,,4767,1,,,0,100,,4768,1,,,0,100,,4769,1,,,0,100,,4770,1,,,0
1800,'2',840,,4771,1,,,0,105,,4772,1,,,0,105,,4773,1,,,0,105,,4774,1,,,0,145,,4775,1,,,0,105,,4776,1,,,0,105,,4777,1,,,0,105,,4778,1,,,0,105,,4779,1,,,0,105,,4780,1,,,0,105,,4781,1,,,0
1800,'5',630,,4782,1,,,0,70,,4793,1,,,0,35,,4783,1,,,0,105,,4784,1,,,0,105,,4785,1,,,0,105,,4786,1,,,0,105,,4787,1,,,0,150,,4788,1,,,0,110,,4789,1,,,0,110,,4790,1,,,0,75,,4794,1,,,0,35,,4791,1,,,0,75,,4795,1,,,0,35,,4792,1,,,0,70,,4796,1,,,0,105,,4797,1,,,0,105,,4798,1,,,0,105,,4799,1,,,0,100,,4800,1,,,0,100,,4801,1,,,0
1801,'1',840,,4802,16,4,,0,105,,4803,37,4,,0,105,,4804,37,4,,0,105,,4805,37,4,,0,145,,4806,37,4,,0,105,,4807,37,4,,0,105,,4808,37,4,,0,105,,4809,37,4,,0,105,,4810,37,4,,0,105,,4811,37,4,,0,105,,4812,37,4,,0,100,,4813,37,4,,0,100,,4814,37,4,,0,100,,4815,37,4,,0,100,,4816,37,4,,0,95,,4817,37,4,,0
1801,'2',840,,4818,16,4,,0,105,,4819,37,4,,0,105,,4820,37,4,,0,105,,4821,37,4,,0,145,,4822,37,4,,0,105,,4823,37,4,,0,105,,4824,37,4,,0,105,,4825,37,4,,0,105,,4826,37,4,,0,105,,4827,37,4,,0,105,,4828,37,4,,0,100,,4829,37,4,,0
1801,'5',735,,4830,37,4,,0,70,,4841,37,4,,0,35,,4831,37,4,,0,105,,4832,37,4,,0,105,,4833,37,4,,0,105,,4834,37,4,,0,145,,4835,37,4,,0,110,,4836,37,4,,0,110,,4837,37,4,,0,110,,4838,37,4,,0,75,,4842,37,4,,0,35,,4839,37,4,,0,75,,4843,37,4,,0,35,,4840,37,4,,0,70,,4844,37,4,,0,105,,4845,37,4,,0,105,,4846,37,4,,0,100,,4847,37,4,,0,100,,4848,37,4,,0,95,,4849,37,4,,0
1900,'1',735,,4850,1,,,0,105,,4851,1,,,0,105,,4852,1,,,0,105,,4853,1,,,0,105,,4854,1,,,0,70,,4866,1,,,0,75,,4855,1,,,0,30,,4867,1,,,0,75,,4856,1,,,0,30,,4868,1,,,0,75,,4857,1,,,0,30,,4869,1,,,0,75,,4858,1,,,0,105,,4859,1,,,0,105,,4860,1,,,0,105,,4861,1,,,0,100,,4862,1,,,0,100,,4863,1,,,0,100,,4864,1,,,0,100,,4865,1,,,0
1900,'2',840,,4870,1,,,0,105,,4871,1,,,0,105,,4872,1,,,0,105,,4873,1,,,0,145,,4874,1,,,0,105,,4875,1,,,0,105,,4876,1,,,0,105,,4877,1,,,0,105,,4878,1,,,0,105,,4879,1,,,0,105,,4880,1,,,0
1900,'5',700,,4881,1,,,0,35,,4884,1,,,0,70,,4882,1,,,0,35,,4885,1,,,0,70,,4883,1,,,0,35,,4886,1,,,0,105,,4887,1,,,0,105,,4888,1,,,0,150,,4889,1,,,0,110,,4890,1,,,0,110,,4891,1,,,0,75,,4894,1,,,0,35,,4892,1,,,0,75,,4895,1,,,0,35,,4893,1,,,0,70,,4896,1,,,0,105,,4897,1,,,0,105,,4898,1,,,0,105,,4899,1,,,0,100,,4900,1,,,0,100,,4901,1,,,0
1901,'1',840,,4902,33,4,,0,105,,4903,33,4,,0,105,,4904,33,4,,0,105,,4905,33,4,,0,70,,4917,33,4,,0,75,,4906,33,4,,0,30,,4918,33,4,,0,75,,4907,33,4,,0,30,,4919,33,4,,0,75,,4908,33,4,,0,30,,4920,33,4,,0,75,,4909,33,4,,0,105,,4910,33,4,,0,105,,4911,33,4,,0,105,,4912,33,4,,0,100,,4913,33,4,,0,100,,4914,33,4,,0,100,,4915,33,4,,0,100,,4916,33,4,,0
1901,'2',945,,4921,33,4,,0,105,,4922,33,4,,0,105,,4923,33,4,,0,145,,4924,33,4,,0,105,,4925,33,4,,0,105,,4926,33,4,,0,105,,4927,33,4,,0,105,,4928,33,4,,0,105,,4929,33,4,,0,105,,4930,33,4,,0,100,,4931,33,4,,0
1901,'5',700,,4932,33,4,,0,35,,4934,33,4,,0,70,,4933,33,4,,0,35,,4936,33,4,,0,70,,4935,33,4,,0,35,,4937,33,4,,0,105,,4938,33,4,,0,105,,4939,33,4,,0,145,,4940,33,4,,0,110,,4941,33,4,,0,110,,4942,33,4,,0,110,,4943,33,4,,0,75,,4945,33,4,,0,35,,4944,33,4,,0,75,,4946,33,4,,0,105,,4947,33,4,,0,105,,4948,33,4,,0,105,,4949,33,4,,0,100,,4950,33,4,,0,100,,4951,33,4,,0
2000,'1',735,,4952,1,,,0,105,,4953,1,,,0,105,,4954,1,,,0,105,,4955,1,,,0,105,,4956,1,,,0,145,,4957,1,,,0,105,,4958,1,,,0,105,,4959,1,,,0,105,,4960,1,,,0,105,,4961,1,,,0,105,,4962,1,,,0,105,,4963,1,,,0,70,,4964,1,,,0,30,,4965,1,,,0,70,,4966,1,,,0,30,,4967,1,,,0
2000,'2',840,,4968,1,,,0,105,,4969,1,,,0,105,,4970,1,,,0,105,,4971,1,,,0,145,,4972,1,,,0,105,,4973,1,,,0,105,,4974,1,,,0,105,,4975,1,,,0,105,,4976,1,,,0,30,,4978,1,,,0,75,,4977,1,,,0
2000,'5',735,,4979,1,,,0,105,,4980,1,,,0,105,,4981,1,,,0,105,,4982,1,,,0,105,,4983,1,,,0,150,,4984,1,,,0,110,,4985,1,,,0,110,,4986,1,,,0,110,,4987,1,,,0,110,,4988,1,,,0,105,,4993,1,,,0,105,,4989,1,,,0,70,,4990,1,,,0,30,,4991,1,,,0,75,,4992,1,,,0
2001,'1',805,,4994,5,4,,0,105,,4995,5,4,,0,105,,4996,5,4,,0,105,,4997,5,4,,0,105,,4998,5,4,,0,105,,4999,5,4,,0,105,,5000,5,4,,0,105,,5001,5,4,,0,105,,5002,5,4,,0,105,,5003,5,4,,0,105,,5004,5,4,,0,145,,5005,5,4,,0,30,,5006,5,4,,0,70,,5007,5,4,,0,30,,5008,5,4,,0,70,,5009,5,4,,0
2001,'2',910,,5010,5,4,,0,105,,5011,5,4,,0,105,,5012,5,4,,0,105,,5013,5,4,,0,105,,5014,5,4,,0,105,,5015,5,4,,0,105,,5016,5,4,,0,105,,5017,5,4,,0,105,,5018,5,4,,0,70,,5020,5,4,,0,35,,5019,5,4,,0
2001,'5',805,,5021,5,4,,0,105,,5022,5,4,,0,105,,5023,5,4,,0,105,,5024,5,4,,0,105,,5025,5,4,,0,110,,5026,5,4,,0,110,,5027,5,4,,0,110,,5028,5,4,,0,150,,5029,5,4,,0,110,,5030,5,4,,0,105,,5035,5,4,,0,105,,5031,5,4,,0,30,,5032,5,4,,0,70,,5033,5,4,,0,75,,5034,5,4,,0
2100,'1',945,,5036,1,,,0,105,,5038,1,,,0,105,,5037,1,,,0,145,,5039,1,,,0,105,,5040,1,,,0,105,,5041,1,,,0,105,,5042,1,,,0,105,,5043,1,,,0,105,,5044,1,,,0,105,,5045,1,,,0,100,,5046,1,,,0,100,,5047,1,,,0,100,,5048,1,,,0
2100,'2',1050,,5050,1,,,0,105,,5049,1,,,0,145,,5051,1,,,0,105,,5052,1,,,0,105,,5053,1,,,0,105,,5054,1,,,0,105,,5055,1,,,0
2100,'5',630,,5056,1,,,0,105,,5057,1,,,0,105,,5058,1,,,0,105,,5059,1,,,0,105,,5060,1,,,0,105,,5061,1,,,0,150,,5062,1,,,0,110,,5063,1,,,0,110,,5064,1,,,0,110,,5065,1,,,0,110,,5066,1,,,0,70,,5067,1,,,0,105,,5068,1,,,0,105,,5069,1,,,0,105,,5070,1,,,0,100,,5071,1,,,0
2101,'1',945,,5072,7,4,,0,105,,5073,29,4,,0,105,,5074,29,4,,0,145,,5075,29,4,,0,105,,5076,29,4,,0,105,,5077,29,4,,0,105,,5078,29,4,,0,105,,5079,29,4,,0,105,,5080,29,4,,0,105,,5081,29,4,,0,100,,5082,29,4,,0,100,,5083,29,4,,0,100,,5084,29,4,,0,100,,5085,29,4,,0
2101,'2',1050,,5086,7,4,,0,105,,5087,29,4,,0,145,,5088,29,4,,0,105,,5089,29,4,,0,105,,5090,29,4,,0,105,,5091,29,4,,0,105,,5092,29,4,,0,105,,5093,29,4,,0
2101,'5',735,,5094,29,4,,0,105,,5095,29,4,,0,105,,5096,29,4,,0,105,,5097,29,4,,0,105,,5098,29,4,,0,145,,5099,29,4,,0,110,,5100,29,4,,0,110,,5101,29,4,,0,110,,5102,29,4,,0,110,,5103,29,4,,0,110,,5104,29,4,,0,70,,5105,29,4,,0,105,,5106,29,4,,0,105,,5107,29,4,,0,100,,5108,29,4,,0,100,,5109,29,4,,0
2200,'5',630,,5110,1,,,0,105,,5111,1,,,0,105,,5112,1,,,0,105,,5116,1,,,0,105,,5117,1,,,0,105,,5118,1,,,0,150,,5119,1,,,0,145,,5115,1,,,0,150,,5113,1,,,0,110,,5114,1,,,0
2201,'5',735,,5120,31,4,,0,105,,5121,31,4,,0,105,,5122,31,4,,0,105,,5126,31,4,,0,105,,5127,31,4,,0,145,,5128,31,4,,0,110,,5129,31,4,,0,145,,5125,31,4,,0,150,,5123,31,4,,0,110,,5124,31,4,,0
3300,'5',915,,5276,1,,,0,90,,5277,1,,,0,50,,5278,1,,,0,90,,5279,1,,,0,90,,5280,1,,,0,95,,5281,1,,,0,90,,5282,1,,,0,95,,5283,1,,,0,90,,5284,1,,,0,50,,5285,1,,,0
3301,'5',915,,5286,2,4,,0,90,,5287,3,4,,0,50,,5288,3,4,,0,90,,5289,3,4,,0,90,,5290,3,4,,0,90,,5291,3,4,,0,95,,5292,3,4,,0,90,,5293,3,4,,0,95,,5294,3,4,,0,50,,5295,3,4,,0,90,,5296,3,4,,0
