100,'1',803,,1,33,0,23,0,105,,2,33,0,23,0,30,,11,33,0,23,0,75,,3,33,0,23,0,30,,12,33,0,23,0,75,,4,33,0,23,0,30,,13,33,0,23,0,75,,5,33,0,23,0,30,,14,33,0,23,0,75,,6,33,0,23,0,30,,15,33,0,23,0,75,,7,33,0,23,0,70,,16,33,0,23,0,35,,8,33,0,23,0,70,,17,33,0,23,0,35,,9,33,0,23,0,70,,18,33,0,23,0,35,,10,33,0,23,0,70,,25,33,0,23,0,35,,19,33,0,23,0,70,,26,33,0,23,0,34,,20,33,0,23,0,70,,27,33,0,23,0,30,,21,33,0,23,0,70,,28,33,0,23,0,30,,22,33,0,23,0,70,,29,33,0,23,0,30,,23,33,0,23,0,70,,30,33,0,23,0,30,,24,33,0,23,0
100,'2',908,,31,33,0,23,0,30,,42,33,0,23,0,75,,32,33,0,23,0,30,,43,33,0,23,0,75,,33,33,0,23,0,30,,44,33,0,23,0,75,,34,33,0,23,0,30,,45,33,0,23,0,75,,35,33,0,23,0,30,,46,33,0,23,0,75,,36,33,0,23,0,70,,47,33,0,23,0,35,,37,33,0,23,0,70,,48,33,0,23,0,35,,38,33,0,23,0,70,,49,33,0,23,0,35,,39,33,0,23,0,70,,50,33,0,23,0,35,,40,33,0,23,0,70,,51,33,0,23,0,34,,41,33,0,23,0
100,'5',658,,62,34,0,23,0,70,,52,34,0,23,0,11,,89,34,0,23,0,20,,90,34,0,23,0,50,,63,34,0,23,0,15,,75,34,0,23,0,15,,53,34,0,23,0,15,,74,34,0,23,0,60,,73,34,0,23,0,10,,64,34,0,23,0,20,,76,34,0,23,0,10,,54,34,0,23,0,65,,77,34,0,23,0,20,,65,34,0,23,0,15,,96,4,0,14 15,0,55,,55,34,0,23,0,25,,78,34,0,23,0,20,,66,34,0,23,0,55,,91,34,0,23,0,20,,56,34,0,23,0,20,,79,34,0,23,0,60,,67,34,0,23,0,15,,92,34,0,23,0,20,,57,34,0,23,0,60,,80,34,0,23,0,20,,68,34,0,23,0,10,,84,34,0,23,0,15,,93,34,0,23,0,10,,58,34,0,23,0,60,,81,34,0,23,0,20,,69,34,0,23,0,10,,85,34,0,23,0,55,,94,34,0,23,0,15,,59,34,0,23,0,15,,82,34,0,23,0,20,,70,34,0,23,0,50,,86,34,0,23,0,15,,95,34,0,23,0,15,,60,34,0,23,0,15,,83,34,0,23,0,54,,71,33,0,23,0,10,,87,33,0,23,0,30,,61,33,0,23,0,65,,72,33,0,23,0,40,,88,33,0,23,0,71,,101,33,0,23,0,34,,97,33,0,23,0,71,,102,33,0,23,0,30,,98,33,0,23,0,70,,103,33,0,23,0,30,,99,33,0,23,0,70,,104,33,0,23,0,30,,100,33,0,23,0
901,'5',658,,631,30,,,0,145,,632,30,,,0,105,,633,30,,,0,105,,634,30,,,0,105,,635,30,,,0,105,,636,30,,,0,110,,637,30,,,0,110,,638,30,,,0,110,,639,30,,,0,150,,640,30,,,0,110,,641,30,,,0
1300,'5',804,,1003,12,,,0,30,,1005,12,,,0,75,,1004,12,,,0
1401,'1',804,,1044,20,,,0,105,,1045,20,,,0,105,,1046,20,,,0,105,,1047,20,,,0,105,,1048,20,,,0,105,,1049,20,,,0,105,,1050,20,,,0,105,,1051,20,,,0,105,,1052,20,,,0,105,,1053,20,,,0
1401,'2',1014,,1054,20,,,0,105,,1055,20,,,0,105,,1056,20,,,0,105,,1057,20,,,0,105,,1058,20,,,0,105,,1059,20,,,0,105,,1060,20,,,0
1401,'5',659,,1061,20,,,0,75,,1076,20,,,0,70,,1062,20,,,0,35,,1077,20,,,0,70,,1063,20,,,0,35,,1078,20,,,0,70,,1064,20,,,0,105,,1065,20,,,0,105,,1066,20,,,0,110,,1067,20,,,0,110,,1068,20,,,0,70,,1079,20,,,0,40,,1069,20,,,0,70,,1080,20,,,0,80,,1070,20,,,0,30,,1081,20,,,0,80,,1071,20,,,0,105,,1072,20,,,0,105,,1073,20,,,0,101,,1074,20,,,0,100,,1075,20,,,0
2301,'1',1027,,1690,14,,,0,105,,1691,14,,,0,105,,1692,14,,,0,105,,1693,14,,,0,105,,1694,14,,,0,105,,1695,14,,,0,105,,1696,14,,,0,145,,1697,14,,,0
2301,'2',1027,,1698,14,,,0,105,,1699,14,,,0,105,,1700,14,,,0,105,,1701,14,,,0,105,,1702,14,,,0,105,,1703,14,,,0,105,,1704,14,,,0
2301,'5',642,,1705,14,0,5,0,105,,1706,14,0,5,0,105,,1707,14,0,5,0,105,,1708,14,0,5,0,145,,1709,14,0,5,0,105,,1710,14,0,5,0,110,,1711,14,0,5,0,110,,1712,14,0,5,0,110,,1713,14,0,5,0,110,,1714,14,0,5,0,110,,1715,14,0,5,0,100,,1716,14,,,0,145,,1717,14,,,0,105,,1718,14,,,0,103,,1719,14,,,0,100,,1720,14,,,0
