101,'1',808,,105,3,0,12 8,0,105,,106,3,0,12 8,0,30,,115,3,0,12 8,0,75,,107,3,0,12 8,0,30,,116,3,0,12 8,0,75,,108,3,0,12 8,0,30,,117,3,0,12 8,0,75,,109,3,0,12 8,0,30,,118,3,0,12 8,0,75,,110,3,0,12 8,0,70,,119,3,0,12 8,0,35,,111,3,0,12 8,0,70,,120,3,0,12 8,0,35,,112,3,0,12 8,0,70,,121,3,0,12 8,0,35,,113,3,0,12 8,0,70,,122,3,0,12 8,0,35,,114,3,0,12 8,0,70,,129,3,0,12 8,0,35,,123,3,0,12 8,0,70,,130,3,0,12 8,0,72,,124,3,0,12 8,0,30,,131,3,0,12 8,0,70,,125,3,0,12 8,0,30,,132,3,0,12 8,0,70,,126,3,0,12 8,0,30,,133,3,0,12 8,0,70,,127,3,0,12 8,0,30,,134,3,0,12 8,0,70,,128,3,0,12 8,0
101,'2',913,,135,3,0,12 8,0,30,,146,3,0,12 8,0,75,,136,3,0,12 8,0,30,,147,3,0,12 8,0,75,,137,3,0,12 8,0,30,,148,3,0,12 8,0,75,,138,3,0,12 8,0,30,,149,3,0,12 8,0,75,,139,3,0,12 8,0,70,,150,3,0,12 8,0,35,,140,3,0,12 8,0,70,,151,3,0,12 8,0,35,,141,3,0,12 8,0,70,,152,3,0,12 8,0,35,,142,3,0,12 8,0,70,,153,3,0,12 8,0,35,,143,3,0,12 8,0,70,,154,3,0,12 8,0,35,,144,3,0,12 8,0,70,,155,3,0,12 8,0,72,,145,3,0,12 8,0
101,'5',630,,156,3,0,12 8,0,73,,167,3,0,12 8,0,30,,157,3,0,12 8,0,13,,180,3,0,12 8,0,60,,178,3,0,12 8,0,10,,168,3,0,12 8,0,15,,182,3,0,12 8,0,15,,158,3,0,12 8,0,55,,181,3,0,12 8,0,20,,179,3,0,12 8,0,10,,169,3,0,12 8,0,20,,183,3,0,12 8,0,50,,159,3,0,12 8,0,25,,184,3,0,12 8,0,20,,170,3,0,12 8,0,55,,196,3,0,12 8,0,15,,160,3,0,12 8,0,25,,185,3,0,12 8,0,60,,171,3,0,12 8,0,15,,197,3,0,12 8,0,20,,161,3,0,12 8,0,20,,186,3,0,12 8,0,60,,172,3,0,12 8,0,15,,198,3,0,12 8,0,20,,162,3,0,12 8,0,60,,187,3,0,12 8,0,20,,173,3,0,12 8,0,10,,191,3,0,12 8,0,15,,199,3,0,12 8,0,50,,163,3,0,12 8,0,20,,188,3,0,12 8,0,20,,174,3,0,12 8,0,10,,192,3,0,12 8,0,55,,200,3,0,12 8,0,15,,164,3,0,12 8,0,15,,189,3,0,12 8,0,60,,175,3,0,12 8,0,10,,193,3,0,12 8,0,15,,201,3,0,12 8,0,15,,165,3,0,12 8,0,15,,190,3,0,16 10,0,52,,176,3,0,12 8,0,10,,194,3,0,12 8,0,30,,166,3,0,12 8,0,65,,177,3,0,12 8,0,40,,195,3,0,12 8,0,73,,206,3,0,12 8,0,32,,202,3,0,12 8,0,72,,207,3,0,12 8,0,70,,203,3,0,12 8,0,30,,208,3,0,12 8,0,70,,204,3,0,12 8,0,30,,209,3,0,12 8,0,71,,205,3,0,12 8,0
900,'5',722,,621,13,,,0,105,,622,13,,,0,105,,623,13,,,0,105,,624,13,,,0,105,,625,13,,,0,110,,626,13,,,0,150,,627,13,,,0,110,,628,13,,,0,110,,629,13,,,0,110,,630,13,,,0
901,'5',705,,631,38,,,0,105,,632,38,,,0,105,,633,38,,,0,105,,634,38,,,0,105,,635,38,,,0,105,,636,38,,,0,110,,637,38,,,0,110,,638,38,,,0,150,,639,38,,,0,110,,640,38,,,0,110,,641,38,,,0
1301,'5',811,,1006,3,0,12 8,0,30,,1008,3,0,16 17,0,75,,1007,3,0,16 17,0
1400,'1',830,,1009,8,,,0,105,,1010,8,,,0,105,,1011,8,,,0,105,,1012,8,,,0,105,,1013,8,,,0,105,,1014,8,,,0,145,,1015,8,,,0,105,,1016,8,,,0,105,,1017,8,,,0
1400,'2',935,,1018,8,,,0,105,,1019,8,,,0,105,,1020,8,,,0,105,,1021,8,,,0,105,,1022,8,,,0,145,,1023,8,,,0,105,,1024,8,,,0
1400,'5',725,,1025,8,,,0,75,,1039,8,,,0,30,,1026,8,,,0,75,,1040,8,,,0,30,,1027,8,,,0,105,,1028,8,,,0,105,,1029,8,,,0,110,,1030,8,,,0,150,,1031,8,,,0,30,,1041,8,,,0,80,,1032,8,,,0,30,,1042,8,,,0,80,,1033,8,,,0,30,,1043,8,,,0,80,,1034,8,,,0,105,,1035,8,,,0,105,,1036,8,,,0,105,,1037,8,,,0,100,,1038,8,,,0
1401,'1',811,,1044,29,,,0,105,,1045,29,,,0,105,,1046,29,,,0,105,,1047,29,,,0,105,,1048,29,,,0,105,,1049,29,,,0,105,,1050,29,,,0,105,,1051,29,,,0,105,,1052,29,,,0,105,,1053,29,,,0
1401,'2',1021,,1054,29,,,0,105,,1055,29,,,0,105,,1056,29,,,0,105,,1057,29,,,0,105,,1058,29,,,0,105,,1059,29,,,0,105,,1060,29,,,0
1401,'5',706,,1061,29,,,0,35,,1076,29,,,0,70,,1062,29,,,0,35,,1077,29,,,0,70,,1063,29,,,0,35,,1078,29,,,0,70,,1064,29,,,0,105,,1065,29,,,0,105,,1066,29,,,0,110,,1067,29,,,0,110,,1068,29,,,0,70,,1079,29,,,0,80,,1069,29,,,0,30,,1080,29,,,0,80,,1070,29,,,0,30,,1081,29,,,0,80,,1071,29,,,0,105,,1072,29,,,0,105,,1073,29,,,0,100,,1074,29,,,0,100,,1075,29,,,0
2300,'1',1000,,1660,15,,,0,105,,1661,15,,,0,105,,1662,15,,,0,105,,1663,15,,,0,105,,1664,15,,,0,105,,1665,15,,,0,105,,1666,15,,,0,105,,1667,15,,,0
2300,'2',1000,,1668,15,,,0,105,,1669,15,,,0,105,,1670,15,,,0,105,,1671,15,,,0,105,,1672,15,,,0,105,,1673,15,,,0,105,,1674,15,,,0
2300,'5',1830,,1685,15,,,0,105,,1686,15,,,0,105,,1687,15,,,0,102,,1688,15,,,0,100,,1689,15,,,0
2301,'1',1031,,1690,22,,,0,105,,1691,22,,,0,105,,1692,22,,,0,105,,1693,22,,,0,105,,1694,22,,,0,105,,1695,22,,,0,145,,1696,22,,,0,105,,1697,22,,,0
2301,'2',1031,,1698,22,,,0,105,,1699,22,,,0,105,,1700,22,,,0,105,,1701,22,,,0,105,,1702,22,,,0,105,,1703,22,,,0,145,,1704,22,,,0
2301,'5',1901,,1716,22,,,0,105,,1717,22,,,0,105,,1718,22,,,0,103,,1719,22,,,0,100,,1720,22,,,0
2901,'1',1103,,1748,5,,,0,105,,1749,5,,,0,105,,1750,5,,,0,105,,1751,5,,,0,105,,1752,5,,,0,105,,1753,5,,,0
2901,'2',1103,,1754,5,,,0,105,,1755,5,,,0,105,,1756,5,,,0,105,,1757,5,,,0,105,,1758,5,,,0,105,,1759,5,,,0
2901,'5',853,,1760,5,,,0,105,,1761,5,,,0,145,,1762,5,,,0,105,,1763,5,,,0,105,,1764,5,,,0,105,,1765,5,,,0,105,,1766,5,,,0,105,,1767,5,,,0,105,,1768,5,,,0,105,,1769,5,,,0,105,,1770,5,,,0
