1001,'1',653,,771,20,0,21 22,0,150,,745,20,0,21 22,0,30,,764,20,0,21 22,0,105,,746,20,0,21 22,0,70,,765,20,0,21 22,0,20,,776,20,0,21 22,0,85,,747,20,0,21 22,0,35,,766,20,0,21 22,0,55,,775,20,0,21 22,0,15,,756,20,0,21 22,0,35,,748,20,0,21 22,0,70,,767,20,0,21 22,0,15,,772,20,0,21 22,0,20,,757,20,0,21 22,0,70,,749,20,0,21 22,0,75,,768,20,0,21 22,0,15,,773,20,0,21 22,0,15,,758,20,0,21 22,0,75,,750,20,0,21 22,0,30,,769,20,0,21 22,0,20,,774,20,0,21 22,0,55,,759,20,0,21 22,0,30,,751,20,0,21 22,0,75,,770,20,0,21 22,0,30,,760,20,0,21 22,0,75,,752,20,0,21 22,0,30,,777,20,0,21 22,0,70,,761,20,0,21 22,0,30,,753,20,0,21 22,0,70,,778,20,0,21 22,0,30,,762,20,0,21 22,0,70,,754,20,0,21 22,0,30,,779,20,0,21 22,0,75,,763,20,0,21 22,0,25,,755,20,0,21 22,0
1001,'2',908,,795,20,0,21 22,0,30,,780,20,0,21 22,0,70,,796,20,0,21 22,0,35,,793,20,0,21 22,0,70,,781,20,0,21 22,0,35,,797,20,0,21 22,0,70,,787,20,0,21 22,0,35,,782,20,0,21 22,0,70,,798,20,0,21 22,0,35,,788,20,0,21 22,0,70,,783,20,0,21 22,0,75,,799,20,0,21 22,0,30,,789,20,0,21 22,0,75,,784,20,0,21 22,0,30,,800,20,0,21 22,0,75,,790,20,0,21 22,0,30,,785,20,0,21 22,0,75,,801,20,0,21 22,0,30,,791,20,0,21 22,0,75,,786,20,0,21 22,0,100,,792,20,0,21 22,0
1001,'5',653,,813,20,0,21 22,0,75,,824,20,0,21 22,0,30,,802,20,0,21 22,0,75,,814,20,0,21 22,0,15,,834,20,0,21 22,0,55,,825,20,0,21 22,0,15,,835,20,0,21 22,0,20,,803,20,0,21 22,0,70,,815,20,0,21 22,0,15,,842,20,0,21 22,0,20,,826,20,0,21 22,0,70,,804,20,0,21 22,0,35,,816,20,0,21 22,0,55,,843,20,0,21 22,0,17,,827,20,0,21 22,0,35,,805,20,0,21 22,0,75,,817,20,0,21 22,0,15,,844,20,0,21 22,0,63,,828,20,0,21 22,0,32,,806,20,0,21 22,0,75,,818,20,0,21 22,0,20,,836,20,0,21 22,0,18,,829,20,0,21 22,0,55,,838,20,0,21 22,0,17,,807,20,0,21 22,0,20,,831,20,0,21 22,0,55,,819,20,0,21 22,0,20,,837,20,0,21 22,0,18,,830,20,0,21 22,0,10,,839,20,0,21 22,0,60,,808,20,0,21 22,0,20,,832,20,0,21 22,0,15,,820,20,0,21 22,0,60,,841,20,0,21 22,0,30,,840,20,0,21 22,0,15,,809,20,0,21 22,0,55,,833,20,0,21 22,0,15,,821,20,0,21 22,0,105,,810,20,0,21 22,0,30,,822,20,0,21 22,0,100,,811,20,0,21 22,0,70,,823,20,0,21 22,0,100,,812,20,0,21 22,0
1501,'1',934,,1133,27,,,0,105,,1134,27,,,0,105,,1135,27,,,0,105,,1136,27,,,0,105,,1137,27,,,0,105,,1138,27,,,0,145,,1139,27,,,0,105,,1140,27,,,0,105,,1141,27,,,0,105,,1142,27,,,0,100,,1143,27,,,0,100,,1144,27,,,0,100,,1145,27,,,0,100,,1146,27,,,0
1501,'2',934,,1147,27,,,0,105,,1148,27,,,0,105,,1149,27,,,0,105,,1150,27,,,0,105,,1151,27,,,0,105,,1152,27,,,0,145,,1153,27,,,0,105,,1154,27,,,0,105,,1155,27,,,0,105,,1156,27,,,0,100,,1157,27,,,0
1501,'5',649,,1158,27,,,0,75,,1170,27,,,0,30,,1159,27,,,0,75,,1171,27,,,0,30,,1160,27,,,0,75,,1172,27,,,0,70,,1161,27,,,0,35,,1173,27,,,0,70,,1162,27,,,0,35,,1174,27,,,0,70,,1163,27,,,0,35,,1175,27,,,0,75,,1164,27,,,0,35,,1176,27,,,0,75,,1165,27,,,0,75,,1177,27,,,0,35,,1166,27,,,0,75,,1178,27,,,0,35,,1167,27,,,0,75,,1179,27,,,0,75,,1168,27,,,0,35,,1180,27,,,0,70,,1169,27,,,0,105,,1181,27,,,0,105,,1182,27,,,0,100,,1183,27,,,0,100,,1184,27,,,0
1600,'1',857,,1185,4,0,18 19,0,145,,1186,4,0,18 19,0,105,,1187,4,0,18 19,0,105,,1188,4,0,18 19,0,105,,1189,4,0,18 19,0,105,,1190,4,0,18 19,0,105,,1191,4,0,18 19,0,105,,1192,4,0,18 19,0,105,,1193,4,0,18 19,0,105,,1194,4,0,18 19,0,105,,1195,4,0,18 19,0,100,,1196,4,0,18 19,0,100,,1197,4,0,18 19,0,100,,1198,4,0,18 19,0
1600,'2',1002,,1206,4,0,18 19,0,105,,1199,4,0,18 19,0,105,,1200,4,0,18 19,0,105,,1201,4,0,18 19,0,105,,1202,4,0,18 19,0,105,,1203,4,0,18 19,0,105,,1204,4,0,18 19,0,105,,1205,4,0,18 19,0
1600,'5',718,,1207,4,0,18 19,0,105,,1208,4,0,18 19,0,34,,1221,4,0,5 8,0,71,,1209,4,0,18 19,0,30,,1222,4,0,18 19,0,75,,1210,4,0,18 19,0,70,,1223,4,0,18 19,0,35,,1211,4,0,18 19,0,75,,1224,4,0,18 19,0,35,,1212,4,0,18 19,0,75,,1225,4,0,18 19,0,35,,1213,4,0,18 19,0,75,,1226,4,0,18 19,0,75,,1214,4,0,18 19,0,35,,1227,4,0,18 19,0,75,,1215,4,0,18 19,0,35,,1228,4,0,18 19,0,75,,1216,4,0,18 19,0,74,,1229,4,0,5 8,0,31,,1217,4,0,18 19,0,105,,1218,4,0,18 19,0,105,,1219,4,0,18 19,0,104,,1220,4,0,18 19,0
2301,'1',1042,,1690,29,,,0,105,,1691,29,,,0,105,,1692,29,,,0,105,,1693,29,,,0,145,,1694,29,,,0,105,,1695,29,,,0,105,,1696,29,,,0,105,,1697,29,,,0
2301,'2',1042,,1698,29,,,0,105,,1699,29,,,0,105,,1700,29,,,0,105,,1701,29,,,0,145,,1702,29,,,0,105,,1703,29,,,0,105,,1704,29,,,0
2301,'5',654,,1705,20,0,5,0,105,,1706,20,0,5,0,145,,1707,20,0,5,0,105,,1708,20,0,5,0,105,,1709,20,0,5,0,105,,1710,20,0,5,0,110,,1711,20,0,5,0,110,,1712,20,0,5,0,110,,1713,20,0,5,0,110,,1714,20,0,5,0,150,,1715,20,0,5,0,103,,1716,29,,,0,105,,1717,29,,,0,105,,1718,29,,,0,102,,1719,29,,,0,100,,1720,29,,,0
