200,'1',753,,3782,21,,,0,105,,3790,21,,,0,70,,3798,21,,,0,75,,3783,21,,,0,30,,3804,21,,,0,75,,3791,21,,,0,30,,3799,21,,,0,75,,3784,21,,,0,30,,3805,21,,,0,75,,3792,21,,,0,30,,3800,21,,,0,75,,3785,21,,,0,30,,3806,21,,,0,75,,3793,21,,,0,30,,3801,21,,,0,75,,3786,21,,,0,70,,3807,21,,,0,35,,3794,21,,,0,70,,3802,21,,,0,35,,3787,21,,,0,70,,3808,21,,,0,34,,3795,21,,,0,70,,3803,21,,,0,30,,3788,21,,,0,100,,3796,21,,,0,100,,3789,21,,,0,100,,3797,21,,,0
200,'2',858,,3814,21,,,0,145,,3809,21,,,0,30,,3823,21,,,0,75,,3815,21,,,0,30,,3820,21,,,0,75,,3810,21,,,0,30,,3824,21,,,0,75,,3816,21,,,0,30,,3821,21,,,0,75,,3811,21,,,0,30,,3825,21,,,0,75,,3817,21,,,0,30,,3822,21,,,0,75,,3812,21,,,0,70,,3826,21,,,0,35,,3818,21,,,0,105,,3813,21,,,0,104,,3819,21,,,0
200,'5',648,,3850,21,,,0,70,,3835,21,,,0,35,,3843,21,,,0,70,,3827,21,,,0,35,,3851,21,,,0,70,,3836,21,,,0,75,,3844,21,,,0,30,,3828,21,,,0,75,,3852,21,,,0,30,,3837,21,,,0,75,,3845,21,,,0,35,,3829,21,,,0,55,,3858,21,,,0,20,,3853,21,,,0,35,,3838,21,,,0,55,,3861,21,,,0,20,,3846,21,,,0,75,,3830,21,,,0,15,,3859,21,,,0,20,,3854,21,,,0,75,,3839,21,,,0,15,,3862,21,,,0,20,,3847,21,,,0,75,,3831,21,,,0,15,,3860,21,,,0,60,,3855,21,,,0,30,,3840,21,,,0,75,,3848,21,,,0,30,,3832,21,,,0,75,,3856,21,,,0,30,,3841,21,,,0,74,,3849,21,,,0,30,,3833,21,,,0,70,,3857,21,,,0,30,,3842,21,,,0,100,,3834,21,,,0
1000,'1',728,,4173,34,,,0,30,,4192,34,,,0,145,,4174,34,,,0,30,,4193,34,,,0,105,,4175,34,,,0,75,,4194,34,,,0,15,,4203,34,,,0,15,,4184,34,,,0,75,,4176,34,,,0,30,,4195,34,,,0,55,,4200,34,,,0,20,,4185,34,,,0,30,,4177,34,,,0,75,,4196,34,,,0,14,,4201,34,,,0,16,,4186,34,,,0,75,,4178,34,,,0,70,,4197,34,,,0,19,,4202,34,,,0,16,,4187,34,,,0,70,,4179,34,,,0,35,,4198,34,,,0,70,,4188,34,,,0,35,,4180,34,,,0,105,,4189,34,,,0,70,,4181,34,,,0,100,,4190,34,,,0,30,,4182,34,,,0,100,,4191,34,,,0,70,,4183,34,,,0
1000,'2',903,,4205,34,,,0,105,,4219,34,,,0,30,,4206,34,,,0,75,,4222,34,,,0,30,,4213,34,,,0,75,,4207,34,,,0,30,,4223,34,,,0,75,,4214,34,,,0,30,,4208,34,,,0,75,,4224,34,,,0,30,,4215,34,,,0,75,,4209,34,,,0,70,,4225,34,,,0,35,,4216,34,,,0,70,,4210,34,,,0,35,,4226,34,,,0,70,,4217,34,,,0,35,,4211,34,,,0,105,,4218,34,,,0,70,,4212,34,,,0
1000,'5',653,,4249,34,,,0,70,,4227,34,,,0,35,,4239,34,,,0,70,,4250,34,,,0,75,,4228,34,,,0,30,,4240,34,,,0,75,,4251,34,,,0,30,,4229,34,,,0,75,,4241,34,,,0,30,,4252,34,,,0,75,,4230,34,,,0,35,,4242,34,,,0,79,,4253,34,,,0,71,,4231,34,,,0,19,,4260,34,,,0,16,,4243,34,,,0,79,,4254,34,,,0,31,,4238,34,,,0,60,,4257,34,,,0,15,,4244,34,,,0,79,,4255,34,,,0,31,,4232,34,,,0,20,,4258,34,,,0,55,,4245,34,,,0,105,,4233,34,,,0,15,,4259,34,,,0,15,,4246,34,,,0,105,,4234,34,,,0,75,,4247,34,,,0,130,,4248,34,,,0,100,,4236,34,,,0
1500,'1',859,,4581,19,,,0,145,,4582,19,,,0,105,,4583,19,,,0,105,,4584,19,,,0,105,,4585,19,,,0,105,,4586,19,,,0,105,,4587,19,,,0,105,,4588,19,,,0,105,,4589,19,,,0,105,,4590,19,,,0,105,,4591,19,,,0,100,,4592,19,,,0,100,,4593,19,,,0,100,,4594,19,,,0
1500,'2',859,,4595,19,,,0,145,,4596,19,,,0,105,,4597,19,,,0,105,,4598,19,,,0,105,,4599,19,,,0,105,,4600,19,,,0,105,,4601,19,,,0,105,,4602,19,,,0,105,,4603,19,,,0,105,,4604,19,,,0,105,,4605,19,,,0
1500,'5',649,,4612,19,,,0,70,,4606,19,,,0,35,,4613,19,,,0,70,,4607,19,,,0,35,,4614,19,,,0,145,,4615,19,,,0,105,,4616,19,,,0,105,,4617,19,,,0,110,,4618,19,,,0,110,,4619,19,,,0,75,,4608,19,,,0,35,,4620,19,,,0,75,,4609,19,,,0,35,,4621,19,,,0,75,,4610,19,,,0,75,,4622,19,,,0,30,,4611,19,,,0,105,,4623,19,,,0,105,,4624,19,,,0,105,,4625,19,,,0,100,,4626,19,,,0
2900,'1',1117,,5192,22,,,0,105,,5193,22,,,0,105,,5194,22,,,0,105,,5195,22,,,0,105,,5196,22,,,0,105,,5197,22,,,0
2900,'2',1117,,5198,22,,,0,105,,5199,22,,,0,105,,5200,22,,,0,105,,5201,22,,,0,105,,5202,22,,,0,105,,5203,22,,,0
2900,'5',905,,5204,22,,,0,105,,5205,22,,,0,105,,5206,22,,,0,105,,5207,22,,,0,105,,5208,22,,,0,105,,5209,22,,,0,105,,5210,22,,,0,105,,5211,22,,,0,105,,5212,22,,,0,105,,5213,22,,,0,105,,5214,22,,,0
