100,1000,1,0
100,1015,2,0
100,1020,3,0
100,1025,4,0
100,1030,5,0
100,1035,6,0
100,1040,7,0
100,1045,8,0
100,1050,9,0
100,1055,10,0
100,1060,11,0
100,1065,12,0
100,1070,13,0
100,1075,14,0
100,1080,15,0
100,1085,16,0
100,1095,17,0
100,1100,18,0
100,1110,19,0
100,1115,20,0
100,1120,21,0
100,1125,22,0
100,1135,23,0
100,1140,24,0
100,1145,25,0
100,1150,26,0
100,1155,27,0
100,1160,28,0
100,1165,29,0
100,1170,30,0
100,1175,31,0
100,1180,32,0
100,1185,33,0
100,1190,34,0
100,1195,35,1
101,1195,1,0
101,1200,2,0
101,1202,3,0
101,1210,4,0
101,1150,5,0
101,1215,6,0
101,1220,7,0
101,1225,8,0
101,1130,9,0
101,1230,10,0
101,1232,11,0
101,1235,12,0
101,2810,13,0
101,1245,14,0
101,1255,15,0
101,1260,16,0
101,1265,17,0
101,1270,18,0
101,1275,19,0
101,1280,20,0
101,1285,21,0
101,1290,22,0
101,1295,23,0
101,1300,24,0
101,1305,25,0
101,1310,26,0
101,1315,27,0
101,1320,28,0
101,1000,29,1
200,1000,1,0
200,1010,2,0
200,1015,3,0
200,1020,4,0
200,1025,5,0
200,1030,6,0
200,1035,7,0
200,1040,8,0
200,1045,9,0
200,1050,10,0
200,1335,11,0
200,1340,12,0
200,1345,13,0
200,1350,14,0
200,1355,15,0
200,1360,16,0
200,1365,17,0
200,5025,18,0
200,1380,19,0
200,1385,20,0
200,1390,21,0
200,1395,22,0
200,1400,23,0
200,1405,24,0
200,1410,25,0
200,1415,26,0
200,1420,27,0
200,1425,28,0
200,1430,29,0
200,1330,30,0
200,1440,31,0
200,1445,32,0
200,1450,33,0
200,1455,34,0
200,1460,35,0
200,1465,36,0
200,1470,37,0
200,1480,38,0
200,1485,39,0
200,1490,40,0
200,1495,41,0
200,1500,42,0
200,1505,43,0
200,1510,44,0
200,1515,45,0
200,1520,46,0
200,1525,47,0
200,1530,48,0
200,1535,49,0
200,1540,50,0
200,1542,51,0
200,1545,52,0
200,1550,53,0
200,1555,54,0
200,1560,55,0
200,1565,56,0
200,1570,57,0
200,1575,58,0
200,1580,59,0
200,1585,60,0
200,1590,61,0
200,1595,62,0
200,1600,63,1
201,1600,1,0
201,1605,2,0
201,1610,3,0
201,1611,4,0
201,1615,5,0
201,1620,6,0
201,1625,7,0
201,1630,8,0
201,1635,9,0
201,1640,10,0
201,1645,11,0
201,1650,12,0
201,1655,13,0
201,1660,14,0
201,1665,15,0
201,1670,16,0
201,1675,17,0
201,1680,18,0
201,1685,19,0
201,1690,20,0
201,1695,21,0
201,1700,22,0
201,1705,23,0
201,1710,24,0
201,1715,25,0
201,1720,26,0
201,1725,27,0
201,1730,28,0
201,1735,29,0
201,1740,30,0
201,1750,31,0
201,1755,32,0
201,1760,33,0
201,1765,34,0
201,1770,35,0
201,1775,36,0
201,1780,37,0
201,1785,38,0
201,1790,39,0
201,1795,40,0
201,1800,41,0
201,1805,42,0
201,1810,43,0
201,1815,44,0
201,1820,45,0
201,1825,46,0
201,1830,47,0
201,1835,48,0
201,1840,49,0
201,1850,50,0
201,1855,51,0
201,1860,52,0
201,6012,53,0
201,1865,54,0
201,1870,55,0
201,1875,56,0
201,1880,57,0
201,1885,58,0
201,1890,59,0
201,1290,60,0
201,1295,61,0
201,1300,62,0
201,1305,63,0
201,1025,64,0
201,1310,65,0
201,1315,66,0
201,1320,67,0
201,1325,68,0
201,1000,69,1
300,1000,1,0
300,4408,2,0
300,4410,3,0
300,4415,4,0
300,2295,5,0
300,2320,6,0
300,2325,7,0
300,2330,8,0
300,2335,9,0
300,2340,10,0
300,2345,11,0
300,2350,12,0
300,2355,13,0
300,2360,14,0
300,5030,15,0
300,1010,16,0
300,1015,17,0
300,1020,18,0
300,1025,19,0
300,1030,20,0
300,1895,21,0
300,1900,22,0
300,1905,23,0
300,1910,24,0
300,1915,25,0
300,1920,26,0
300,1925,27,0
300,1930,28,0
300,1935,29,0
300,1940,30,0
300,1945,31,0
300,1950,32,0
300,1955,33,0
300,1960,34,0
300,1965,35,0
300,1970,36,0
300,1975,37,0
300,1980,38,0
300,1985,39,0
300,1400,40,0
300,1405,41,0
300,1990,42,0
300,1995,43,0
300,2000,44,0
300,2005,45,0
300,1685,46,0
300,1690,47,0
300,1695,48,0
300,1700,49,0
300,2010,50,0
300,2015,51,0
300,2020,52,0
300,2025,53,0
300,6063,54,0
300,2027,55,0
300,2030,56,0
300,2035,57,0
300,5040,58,1
301,5040,1,0
301,2040,2,0
301,2045,3,0
301,2050,4,0
301,2055,5,0
301,2060,6,0
301,2065,7,0
301,2070,8,0
301,2075,9,0
301,2080,10,0
301,1505,11,0
301,1510,12,0
301,1515,13,0
301,1520,14,0
301,4955,15,0
301,4956,16,0
301,4957,17,0
301,6062,18,0
301,6064,19,0
301,4959,20,0
301,2090,21,0
301,2095,22,0
301,2100,23,0
301,2105,24,0
301,2110,25,0
301,2115,26,0
301,2120,27,0
301,2125,28,0
301,2130,29,0
301,2135,30,0
301,1525,31,0
301,1530,32,0
301,1535,33,0
301,2140,34,0
301,2145,35,0
301,2150,36,0
301,2155,37,0
301,1815,38,0
301,1820,39,0
301,2160,40,0
301,2165,41,0
301,2170,42,0
301,2175,43,0
301,2180,44,0
301,2185,45,0
301,2190,46,0
301,2195,47,0
301,2200,48,0
301,2205,49,0
301,2210,50,0
301,2215,51,0
301,2220,52,0
301,2225,53,0
301,2230,54,0
301,2235,55,0
301,2240,56,0
301,2245,57,0
301,1305,58,0
301,1310,59,0
301,1315,60,0
301,1320,61,0
301,1325,62,0
301,5035,63,0
301,2410,64,0
301,2415,65,0
301,2420,66,0
301,2425,67,0
301,2430,68,0
301,2435,69,0
301,2440,70,0
301,2445,71,0
301,2450,72,0
301,2455,73,0
301,2505,74,0
301,4730,75,0
301,2555,76,0
301,1000,77,1
500,1600,1,0
500,1605,2,0
500,1610,3,0
500,1611,4,0
500,1615,5,0
500,1620,6,0
500,1625,7,0
500,1630,8,0
500,1635,9,0
500,2790,10,0
500,1145,11,0
500,1150,12,0
500,2680,13,0
500,1640,14,0
500,1645,15,0
500,1650,16,0
500,1655,17,0
500,1660,18,0
500,1665,19,0
500,1670,20,0
500,1675,21,0
500,1680,22,0
500,1685,23,0
500,1690,24,0
500,1695,25,0
500,1700,26,0
500,1705,27,0
500,3625,28,0
500,3630,29,0
500,3635,30,0
500,3640,31,0
500,1427,32,0
500,1428,33,0
500,1430,34,0
500,1330,35,0
500,1440,36,0
500,1445,37,0
500,1450,38,0
500,1455,39,0
500,1460,40,0
500,1465,41,0
500,1470,42,0
500,1480,43,0
500,1485,44,0
500,1490,45,1
501,1490,1,0
501,1495,2,0
501,1500,3,0
501,1505,4,0
501,1510,5,0
501,1515,6,0
501,1520,7,0
501,1525,8,0
501,1530,9,0
501,1535,10,0
501,1540,11,0
501,1542,12,0
501,1545,13,0
501,1550,14,0
501,1555,15,0
501,1560,16,0
501,1565,17,0
501,1570,18,0
501,1575,19,0
501,1580,20,0
501,1585,21,0
501,1590,22,0
501,1595,23,0
501,1600,24,1
600,1000,1,0
600,4408,2,0
600,2250,3,0
600,2255,4,0
600,2260,5,0
600,2265,6,0
600,2270,7,0
600,2275,8,0
600,2280,9,0
600,2285,10,0
600,2290,11,0
600,2505,12,0
600,2295,13,0
600,2460,14,0
600,2300,15,0
600,2305,16,0
600,2310,17,0
600,2315,18,0
600,2500,19,0
600,2320,20,0
600,2325,21,0
600,2330,22,0
600,2335,23,0
600,2340,24,0
600,2345,25,0
600,2350,26,0
600,2355,27,0
600,2360,28,0
600,2365,29,0
600,2370,30,0
600,2375,31,0
600,2380,32,0
600,1925,33,0
600,1930,34,0
600,1935,35,0
600,1940,36,0
600,1945,37,0
600,1950,38,0
600,1955,39,0
600,1960,40,0
600,1965,41,0
600,1970,42,0
600,2190,43,1
601,2190,1,0
601,2195,2,0
601,2200,3,0
601,2205,4,0
601,2210,5,0
601,2215,6,0
601,2385,7,0
601,2390,8,0
601,2395,9,0
601,2405,10,0
601,2410,11,0
601,2415,12,0
601,2420,13,0
601,2425,14,0
601,2430,15,0
601,2435,16,0
601,2440,17,0
601,2445,18,0
601,2450,19,0
601,2455,20,0
601,2460,21,0
601,2465,22,0
601,2470,23,0
601,2475,24,0
601,2480,25,0
601,2485,26,0
601,2490,27,0
601,2495,28,0
601,2500,29,0
601,2505,30,0
601,2510,31,0
601,2515,32,0
601,2520,33,0
601,2525,34,0
601,2530,35,0
601,2535,36,0
601,2540,37,0
601,2545,38,0
601,2550,39,0
601,2555,40,0
601,1000,41,1
900,1150,1,0
900,1155,2,0
900,3210,3,0
900,3215,4,0
900,3220,5,0
900,3225,6,0
900,3395,7,0
900,3400,8,0
900,3405,9,0
900,3410,10,0
900,3415,11,0
900,3420,12,0
900,1190,13,0
900,1195,14,0
900,1200,15,0
900,1202,16,0
900,3230,17,0
900,3585,18,0
900,3595,19,0
900,1160,20,0
900,1706,21,0
900,1707,22,0
900,1708,23,0
900,1525,24,0
900,3630,25,0
900,3635,26,0
900,3640,27,0
900,1690,28,0
900,1695,29,0
900,1700,30,1
901,1700,1,0
901,2010,2,0
901,3375,3,0
901,3380,4,0
901,3385,5,0
901,3390,6,0
901,3585,7,0
901,3595,8,0
901,1160,9,0
901,1165,10,0
901,1170,11,0
901,1175,12,0
901,3395,13,0
901,3400,14,0
901,3405,15,0
901,3410,16,0
901,3415,17,0
901,3420,18,0
901,1190,19,0
901,1195,20,0
901,1200,21,0
901,1202,22,0
901,1205,23,0
901,1210,24,0
901,1155,25,0
901,1150,26,1
1000,2610,1,0
1000,2615,2,0
1000,2620,3,0
1000,2622,4,0
1000,2625,5,0
1000,2630,6,0
1000,2640,7,0
1000,2645,8,0
1000,2646,9,0
1000,2647,10,0
1000,2648,11,0
1000,2650,12,0
1000,2655,13,0
1000,2660,14,0
1000,1595,15,0
1000,1600,16,0
1000,2675,17,0
1000,2670,18,0
1000,4960,19,0
1000,1145,20,0
1000,1150,21,0
1000,2680,22,0
1000,1575,23,0
1000,2685,24,0
1000,2690,25,0
1000,2695,26,0
1000,2700,27,0
1000,2705,28,0
1000,2710,29,0
1000,2715,30,0
1000,1850,31,0
1000,5025,32,0
1000,1380,33,0
1000,1385,34,0
1000,1390,35,0
1000,1395,36,0
1000,2160,37,0
1000,2165,38,0
1000,2170,39,0
1000,2175,40,0
1000,2180,41,0
1000,2185,42,0
1000,2190,43,1
1001,2190,1,0
1001,2725,2,0
1001,2730,3,0
1001,2735,4,0
1001,2740,5,0
1001,2745,6,0
1001,5025,7,0
1001,2750,8,0
1001,2755,9,0
1001,2760,10,0
1001,2765,11,0
1001,2770,12,0
1001,2775,13,0
1001,2780,14,0
1001,2785,15,0
1001,1630,16,0
1001,1635,17,0
1001,2790,18,0
1001,1145,19,0
1001,1150,20,0
1001,4982,21,0
1001,4985,22,0
1001,2795,23,0
1001,2665,24,0
1001,1595,25,0
1001,1600,26,0
1001,2560,27,0
1001,2565,28,0
1001,2570,29,0
1001,2575,30,0
1001,2580,31,0
1001,2610,32,1
1100,1600,1,0
1100,2660,2,0
1100,1620,3,0
1100,2805,4,0
1100,2810,5,0
1100,1245,6,0
1100,1250,7,0
1100,1255,8,0
1100,1260,9,0
1100,1265,10,0
1100,1270,11,0
1100,2820,12,0
1100,2825,13,0
1100,2830,14,0
1100,2835,15,0
1100,2840,16,0
1100,2845,17,0
1100,2850,18,0
1100,1360,19,0
1100,2190,20,0
1100,2195,21,0
1100,2200,22,0
1100,2205,23,0
1100,2210,24,0
1100,2855,25,0
1100,2860,26,0
1100,2865,27,0
1100,2870,28,0
1100,2875,29,0
1100,2880,30,0
1100,2885,31,0
1100,2890,32,0
1100,2895,33,1
1101,2895,1,0
1101,2900,2,0
1101,2905,3,0
1101,2910,4,0
1101,2915,5,0
1101,2920,6,0
1101,2925,7,0
1101,4780,8,0
1101,1930,9,0
1101,1935,10,0
1101,1940,11,0
1101,2725,12,0
1101,1860,13,0
1101,6012,14,0
1101,1865,15,0
1101,2930,16,0
1101,2935,17,0
1101,2940,18,0
1101,2945,19,0
1101,2950,20,0
1101,2955,21,0
1101,2960,22,0
1101,1070,23,0
1101,1075,24,0
1101,1080,25,0
1101,3095,26,0
1101,1085,27,0
1101,1095,28,0
1101,1100,29,0
1101,1105,30,0
1101,1110,31,0
1101,2965,32,0
1101,1590,33,0
1101,1595,34,0
1101,1600,35,1
1200,1000,1,0
1200,2970,2,0
1200,2975,3,0
1200,2980,4,0
1200,2985,5,0
1200,2990,6,0
1200,2995,7,0
1200,3000,8,0
1200,3005,9,0
1200,3010,10,0
1200,3015,11,0
1200,3020,12,0
1200,3025,13,0
1200,3030,14,0
1200,3035,15,0
1200,3040,16,0
1200,3045,17,0
1200,3050,18,0
1200,3055,19,0
1200,3060,20,0
1200,3065,21,0
1200,1260,22,0
1200,1265,23,0
1200,3070,24,0
1200,3075,25,0
1200,2780,26,0
1200,2785,27,0
1200,1585,28,0
1200,1590,29,0
1200,1595,30,0
1200,1600,31,1
1201,1600,1,0
1201,2660,2,0
1201,1620,3,0
1201,1625,4,0
1201,3080,5,0
1201,3085,6,0
1201,3090,7,0
1201,3095,8,0
1201,1085,9,0
1201,1090,10,0
1201,3100,11,0
1201,3105,12,0
1201,3110,13,0
1201,4190,14,0
1201,3115,15,0
1201,3120,16,0
1201,3125,17,0
1201,3130,18,0
1201,3135,19,0
1201,3140,20,0
1201,3145,21,0
1201,3150,22,0
1201,3155,23,0
1201,3160,24,0
1201,3165,25,0
1201,3170,26,0
1201,3175,27,0
1201,3180,28,0
1201,3185,29,0
1201,3190,30,0
1201,2985,31,0
1201,3200,32,0
1201,3205,33,0
1201,1325,34,0
1201,1000,35,1
1400,1150,1,0
1400,3210,2,0
1400,3215,3,0
1400,1185,4,0
1400,1190,5,0
1400,1195,6,0
1400,1200,7,0
1400,1202,8,0
1400,3220,9,0
1400,3225,10,0
1400,3230,11,0
1400,3235,12,0
1400,3240,13,0
1400,3245,14,0
1400,3250,15,0
1400,2015,16,0
1400,2020,17,0
1400,2025,18,0
1400,3255,19,0
1400,3260,20,0
1400,3265,21,0
1400,3270,22,0
1400,3275,23,0
1400,3280,24,0
1400,3290,25,0
1400,3295,26,0
1400,3300,27,0
1400,3305,28,0
1400,3310,29,0
1400,3315,30,0
1400,3320,31,0
1400,3325,32,0
1400,3330,33,0
1400,3335,34,0
1400,3340,35,0
1400,3345,36,1
1401,3345,1,0
1401,3350,2,0
1401,3355,3,0
1401,3260,4,0
1401,3365,5,0
1401,2095,6,0
1401,3370,7,0
1401,2125,8,0
1401,3375,9,0
1401,3380,10,0
1401,3385,11,0
1401,3390,12,0
1401,1175,13,0
1401,3395,14,0
1401,3400,15,0
1401,3405,16,0
1401,3410,17,0
1401,3415,18,0
1401,3420,19,0
1401,1190,20,0
1401,1195,21,0
1401,1200,22,0
1401,1202,23,0
1401,1205,24,0
1401,1210,25,0
1401,1150,26,1
1500,1600,1,0
1500,5020,2,0
1500,1375,3,0
1500,2675,4,0
1500,2670,5,0
1500,4960,6,0
1500,1145,7,0
1500,1150,8,0
1500,1240,9,0
1500,1560,10,0
1500,5050,11,0
1500,5045,12,0
1500,3445,13,0
1500,3455,14,0
1500,3465,15,0
1500,1380,16,0
1500,1385,17,0
1500,1390,18,0
1500,1395,19,0
1500,1400,20,0
1500,3475,21,0
1500,3476,22,0
1500,3485,23,0
1500,3495,24,0
1500,3505,25,0
1500,3515,26,0
1500,3525,27,0
1500,3535,28,0
1500,3540,29,1
1501,3540,1,0
1501,3545,2,0
1501,3550,3,0
1501,3555,4,0
1501,3560,5,0
1501,3565,6,0
1501,3430,7,0
1501,3425,8,0
1501,3435,9,0
1501,5070,10,0
1501,1820,11,0
1501,1830,12,0
1501,1835,13,0
1501,1840,14,0
1501,3440,15,0
1501,3450,16,0
1501,3460,17,0
1501,3470,18,0
1501,3480,19,0
1501,1650,20,0
1501,1655,21,0
1501,3490,22,0
1501,1150,23,0
1501,4982,24,0
1501,4985,25,0
1501,2795,26,0
1501,2665,27,0
1501,3500,28,0
1501,3510,29,0
1501,3520,30,0
1501,3530,31,0
1501,2660,32,0
1501,1595,33,0
1501,1600,34,1
1600,1150,1,0
1600,4982,2,0
1600,4985,3,0
1600,2795,4,0
1600,2665,5,0
1600,3576,6,0
1600,3577,7,0
1600,3580,8,0
1600,1595,9,0
1600,1600,10,0
1600,1605,11,0
1600,1610,12,0
1600,1614,13,0
1600,1613,14,0
1600,6060,15,0
1600,6067,16,0
1600,6052,17,0
1600,6053,18,0
1600,6054,19,0
1600,6055,20,0
1600,6004,21,1
1601,6004,1,0
1601,6010,2,0
1601,6013,3,0
1601,6015,4,0
1601,6006,5,0
1601,6007,6,0
1601,6008,7,0
1601,6009,8,0
1601,6011,9,0
1601,2626,10,0
1601,1611,11,0
1601,1595,12,0
1601,1600,13,0
1601,1605,14,0
1601,1610,15,0
1601,3570,16,0
1601,3575,17,0
1601,3580,18,0
1601,2675,19,0
1601,2670,20,0
1601,4960,21,0
1601,1145,22,0
1601,1150,23,1
1800,1000,1,0
1800,3645,2,0
1800,3650,3,0
1800,3655,4,0
1800,3660,5,0
1800,3665,6,0
1800,3670,7,0
1800,3675,8,0
1800,3680,9,0
1800,3685,10,0
1800,3690,11,0
1800,3695,12,0
1800,3700,13,0
1800,3705,14,0
1800,3710,15,0
1800,3715,16,0
1800,3720,17,0
1800,3725,18,0
1800,3730,19,0
1800,3735,20,0
1800,3740,21,0
1800,3745,22,0
1800,3750,23,0
1800,3755,24,0
1800,3760,25,0
1800,3765,26,0
1800,3770,27,0
1800,4975,28,0
1800,3925,29,0
1800,3775,30,0
1800,3780,31,0
1800,3785,32,0
1800,3790,33,0
1800,3792,34,0
1800,3795,35,0
1800,3800,36,0
1800,3805,37,0
1800,3810,38,0
1800,3815,39,0
1800,3820,40,0
1800,3825,41,0
1800,3830,42,0
1800,3835,43,0
1800,3840,44,0
1800,3845,45,0
1800,3850,46,0
1800,3855,47,0
1800,3860,48,1
1801,3860,1,0
1801,3865,2,0
1801,3870,3,0
1801,3875,4,0
1801,3880,5,0
1801,3885,6,0
1801,3890,7,0
1801,3895,8,0
1801,3900,9,0
1801,3905,10,0
1801,3910,11,0
1801,3915,12,0
1801,3920,13,0
1801,3925,14,0
1801,3930,15,0
1801,3935,16,0
1801,3945,17,0
1801,3955,18,0
1801,3965,19,0
1801,3975,20,0
1801,3980,21,0
1801,3985,22,0
1801,3990,23,0
1801,3995,24,0
1801,4000,25,0
1801,4005,26,0
1801,4010,27,0
1801,4020,28,0
1801,4025,29,0
1801,4030,30,0
1801,4040,31,0
1801,4050,32,0
1801,4060,33,0
1801,4070,34,0
1801,4080,35,0
1801,3940,36,0
1801,3950,37,0
1801,3960,38,0
1801,3970,39,0
1801,1000,40,1
1900,1000,1,0
1900,4015,2,0
1900,4295,3,0
1900,4035,4,0
1900,4045,5,0
1900,4055,6,0
1900,4075,7,0
1900,4085,8,0
1900,4090,9,0
1900,4095,10,0
1900,4100,11,0
1900,4105,12,0
1900,4110,13,0
1900,4115,14,0
1900,4120,15,0
1900,4125,16,0
1900,4130,17,0
1900,4140,18,0
1900,4145,19,0
1900,4150,20,0
1900,4155,21,0
1900,4160,22,0
1900,4775,23,0
1900,4165,24,0
1900,3050,25,0
1900,4170,26,0
1900,4175,27,0
1900,1100,28,0
1900,1105,29,0
1900,1110,30,0
1900,2965,31,0
1900,1590,32,0
1900,1595,33,0
1900,1600,34,1
1901,1600,1,0
1901,2660,2,0
1901,1620,3,0
1901,2805,4,0
1901,2810,5,0
1901,1245,6,0
1901,4180,7,0
1901,4185,8,0
1901,4190,9,0
1901,4195,10,0
1901,4200,11,0
1901,4205,12,0
1901,4210,13,0
1901,4215,14,0
1901,4220,15,0
1901,4225,16,0
1901,4230,17,0
1901,4235,18,0
1901,4240,19,0
1901,4245,20,0
1901,4250,21,0
1901,4255,22,0
1901,4260,23,0
1901,4265,24,0
1901,4270,25,0
1901,4275,26,0
1901,4280,27,0
1901,4285,28,0
1901,4290,29,0
1901,4300,30,0
1901,4305,31,0
1901,1000,32,1
2000,1600,1,0
2000,2660,2,0
2000,2675,3,0
2000,2670,4,0
2000,4960,5,0
2000,1145,6,0
2000,1150,7,0
2000,3210,8,0
2000,3215,9,0
2000,3220,10,0
2000,3225,11,0
2000,3395,12,0
2000,3400,13,0
2000,3405,14,0
2000,3410,15,0
2000,3415,16,0
2000,3420,17,0
2000,1200,18,0
2000,1202,19,0
2000,3230,20,0
2000,3275,21,0
2000,3280,22,0
2000,3290,23,0
2000,3295,24,0
2000,3300,25,0
2000,3305,26,0
2000,3310,27,0
2000,3315,28,0
2000,3320,29,0
2000,3325,30,0
2000,3330,31,0
2000,3335,32,0
2000,3340,33,0
2000,3345,34,1
2001,3345,1,0
2001,1175,2,0
2001,3395,3,0
2001,3400,4,0
2001,3405,5,0
2001,3410,6,0
2001,3415,7,0
2001,3420,8,0
2001,1200,9,0
2001,1202,10,0
2001,1205,11,0
2001,1210,12,0
2001,1150,13,0
2001,4982,14,0
2001,4985,15,0
2001,2795,16,0
2001,2665,17,0
2001,1595,18,0
2001,1600,19,1
2100,1000,1,0
2100,4408,2,0
2100,4410,3,0
2100,4415,4,0
2100,4420,5,0
2100,4425,6,0
2100,4430,7,0
2100,4435,8,0
2100,4440,9,0
2100,4445,10,0
2100,4450,11,0
2100,4455,12,0
2100,4460,13,0
2100,4465,14,0
2100,4470,15,0
2100,4475,16,0
2100,4480,17,0
2100,4485,18,0
2100,4490,19,0
2100,4495,20,0
2100,4500,21,0
2100,4505,22,0
2100,4510,23,0
2100,4515,24,0
2100,4520,25,0
2100,4525,26,0
2100,4530,27,0
2100,4531,28,0
2100,4541,29,0
2100,4535,30,0
2100,4540,31,0
2100,4545,32,0
2100,4550,33,0
2100,4555,34,0
2100,4560,35,0
2100,4565,36,0
2100,4570,37,0
2100,4575,38,0
2100,4580,39,0
2100,4585,40,0
2100,4590,41,0
2100,4595,42,0
2100,4600,43,0
2100,4605,44,0
2100,4320,45,1
2101,4320,1,0
2101,4325,2,0
2101,4330,3,0
2101,4335,4,0
2101,4610,5,0
2101,4615,6,0
2101,4620,7,0
2101,4625,8,0
2101,4630,9,0
2101,4635,10,0
2101,4640,11,0
2101,4645,12,0
2101,4650,13,0
2101,4655,14,0
2101,4660,15,0
2101,4910,16,0
2101,4665,17,0
2101,4915,18,0
2101,4920,19,0
2101,4925,20,0
2101,4930,21,0
2101,4935,22,0
2101,4940,23,0
2101,4945,24,0
2101,4950,25,0
2101,4670,26,0
2101,4675,27,0
2101,4680,28,0
2101,4685,29,0
2101,4690,30,0
2101,4695,31,0
2101,4700,32,0
2101,4705,33,0
2101,4710,34,0
2101,4440,35,0
2101,4715,36,0
2101,4720,37,0
2101,4725,38,0
2101,4730,39,0
2101,2555,40,0
2101,1000,41,1
2200,1000,1,0
2200,4408,2,0
2200,4410,3,0
2200,4415,4,0
2200,4420,5,0
2200,4425,6,0
2200,4430,7,0
2200,4435,8,0
2200,4440,9,0
2200,4735,10,0
2200,4740,11,0
2200,4745,12,0
2200,4750,13,0
2200,4755,14,0
2200,4760,15,0
2200,4765,16,0
2200,4751,17,0
2200,4746,18,0
2200,4811,19,0
2200,4769,20,0
2200,4772,21,0
2200,4785,22,0
2200,4790,23,0
2200,4800,24,0
2200,4805,25,0
2200,4771,26,0
2200,4770,27,0
2200,4810,28,0
2200,4747,29,0
2200,4752,30,0
2200,4766,31,0
2200,4761,32,0
2200,4756,33,0
2200,4820,34,0
2200,4825,35,0
2200,4830,36,0
2200,4835,37,0
2200,4840,38,0
2200,4845,39,0
2200,4850,40,0
2200,4855,41,0
2200,4860,42,0
2200,4865,43,0
2200,4870,44,1
2201,4870,1,0
2201,4880,2,0
2201,4885,3,0
2201,4890,4,0
2201,4645,5,0
2201,4895,6,0
2201,4900,7,0
2201,4905,8,0
2201,4910,9,0
2201,4665,10,0
2201,4915,11,0
2201,4920,12,0
2201,4925,13,0
2201,4930,14,0
2201,4945,15,0
2201,4950,16,0
2201,4440,17,0
2201,4715,18,0
2201,4720,19,0
2201,4725,20,0
2201,4730,21,0
2201,2555,22,0
2201,1000,23,1
2300,1600,1,0
2300,2660,2,0
2300,2675,3,0
2300,2670,4,0
2300,4960,5,0
2300,1145,6,0
2300,1150,7,0
2300,3210,8,0
2300,3215,9,0
2300,3220,10,0
2300,3395,11,0
2300,3400,12,0
2300,3405,13,0
2300,3410,14,0
2300,3415,15,0
2300,3420,16,0
2300,1200,17,0
2300,1202,18,0
2300,3225,19,0
2300,3230,20,0
2300,3235,21,0
2300,3240,22,0
2300,3245,23,0
2300,3250,24,0
2300,2015,25,0
2300,2020,26,0
2300,2025,27,0
2300,2027,28,0
2300,2030,29,0
2300,2035,30,0
2300,5040,31,1
2301,5040,1,0
2301,2040,2,0
2301,2045,3,0
2301,2050,4,0
2301,2055,5,0
2301,2060,6,0
2301,2065,7,0
2301,2070,8,0
2301,2072,9,0
2301,3375,10,0
2301,3380,11,0
2301,3385,12,0
2301,3390,13,0
2301,1175,14,0
2301,3395,15,0
2301,3400,16,0
2301,3405,17,0
2301,3410,18,0
2301,3415,19,0
2301,3420,20,0
2301,1200,21,0
2301,1202,22,0
2301,1205,23,0
2301,1210,24,0
2301,1150,25,0
2301,4982,26,0
2301,4985,27,0
2301,2795,28,0
2301,2665,29,0
2301,1595,30,0
2301,1600,31,1
2500,1000,1,0
2500,3645,2,0
2500,3650,3,0
2500,3655,4,0
2500,3660,5,0
2500,3665,6,0
2500,3670,7,0
2500,3675,8,0
2500,3680,9,0
2500,3685,10,0
2500,3690,11,0
2500,3695,12,0
2500,3700,13,0
2500,3705,14,0
2500,3710,15,0
2500,3715,16,0
2500,3720,17,0
2500,3725,18,0
2500,3730,19,0
2500,3735,20,0
2500,3740,21,0
2500,3745,22,0
2500,3750,23,0
2500,3755,24,0
2500,3760,25,0
2500,3765,26,0
2500,3770,27,0
2500,4975,28,0
2500,3925,29,0
2500,3775,30,0
2500,3780,31,0
2500,3785,32,0
2500,3790,33,0
2500,3792,34,0
2500,3795,35,0
2500,3800,36,0
2500,3805,37,0
2500,3810,38,0
2500,3815,39,0
2500,3820,40,1
2501,3820,1,0
2501,3896,2,0
2501,3897,3,0
2501,3898,4,0
2501,3899,5,0
2501,3901,6,0
2501,3911,7,0
2501,3912,8,0
2501,3910,9,0
2501,3915,10,0
2501,3920,11,0
2501,3925,12,0
2501,3930,13,0
2501,3935,14,0
2501,3945,15,0
2501,3955,16,0
2501,3965,17,0
2501,3975,18,0
2501,3980,19,0
2501,3985,20,0
2501,3990,21,0
2501,3995,22,0
2501,4000,23,0
2501,4005,24,0
2501,4010,25,0
2501,4020,26,0
2501,4025,27,0
2501,4030,28,0
2501,4040,29,0
2501,4050,30,0
2501,4060,31,0
2501,4070,32,0
2501,4080,33,0
2501,3940,34,0
2501,3950,35,0
2501,3960,36,0
2501,3970,37,0
2501,1000,38,1
